,아파트명,면적,법정동주소,b_code,지번주소,도로명주소,latitude,longitude,세대수,임대세대수,최고층,최저층,용적률,건폐율,주차대수,건설사,난방,공급면적,전용면적,전용율,방수,욕실수,해당면적_세대수,현관구조,재산세,재산세합계,지방교육세,재산세_도시지역분,종합부동산세,결정세액,농어촌특별세,가격,겨울관리비,여름관리비,최소_매매호가,최대_매매호가,최소_전세호가,최대_전세호가,최소_월세호가,최대_월세호가,최소_실거래가,최대_실거래가,학교명,학교코드,학교주소,학교유형,설립유형,설립일자,교육청,홈페이지,학생_통계_기준일,교사당_학생_수,교실당_학생_수,남학생_수,여학생_수,교직원_통계_기준일,남교사_수,여교사_수,1학년_교실_수,2학년_교실_수,3학년_교실_수,4학년_교실_수,5학년_교실_수,6학년_교실_수,1학년_학생_수,2학년_학생_수,3학년_학생_수,4학년_학생_수,5학년_학생_수,6학년_학생_수,특수_교실_수,특수_교실_학생_수,총_교실_수,총_학생_수,남성_교직원_수,여성_교직원_수,내담자_상담사_수,외부_상담사_수,방과후_교실_통계_기준일,방과후 프로그램 수,방과후_학생_수,도서관_도서_수,학생_당_도서_수,급식_서비스_통계_기준일,급식_서비스_운영_방식,급식_서비스_학생당_가격,급식_서비스_지원_학생_수,급식_서비스_연간_지원_금액,학교_위도,학교_경도,행정동_코드,시도명,평균_교실_당_학생_수(시도),평균_교사_당_학생_수(시도),구군명,평균_교실_당_학생_수(구군),평균_교사_당_학생_수(구군),도보_이동_시간(분),6학년 학생 수,방과후_학생 _수
0,공덕SK리더스뷰(주상복합),88㎡,서울시 마포구 공덕동,1144010200,479,서울시 마포구 백범로31길 7,37.545581,126.948847,472,152,29,21,480,46,499,에스케이건설(주),HT001,88.59,59.92,68,3,2,22,계단식,,,,,,,,,,,"15억 5,000","15억 8,000",,,,,,,서울용강초등학교,B100002007,서울특별시 마포구 대흥동 51,공립,단설,19160426,서울특별시교육청,http://yonggang.sen.es.kr,20230531,17.0,20.0,258,282,20230531,3,38,4,4,4,4,5,4,86,85,96,81,107,,2,11,25,540,2,3,0,0,20230531,9,,0,0.0,20230531,직영,3377,540,621453000,37.5487996,126.94385686,1144010800,서울시,19.8,17.4,마포구,20.1,18.0,7,74.0,144.0
1,공덕SK리더스뷰(주상복합),111A㎡,서울시 마포구 공덕동,1144010200,479,서울시 마포구 백범로31길 7,37.545581,126.948847,472,152,29,21,480,46,499,에스케이건설(주),HT001,111.71,84.94,76,3,2,172,계단식,,,,,,,,,,,17억,19억,,"9억 2,400",3억/270,4억/240,3억/270,4억/240,서울용강초등학교,B100002007,서울특별시 마포구 대흥동 51,공립,단설,19160426,서울특별시교육청,http://yonggang.sen.es.kr,20230531,17.0,20.0,258,282,20230531,3,38,4,4,4,4,5,4,86,85,96,81,107,,2,11,25,540,2,3,0,0,20230531,9,,0,0.0,20230531,직영,3377,540,621453000,37.5487996,126.94385686,1144010800,서울시,19.8,17.4,마포구,20.1,18.0,7,74.0,144.0
2,공덕SK리더스뷰(주상복합),112B㎡,서울시 마포구 공덕동,1144010200,479,서울시 마포구 백범로31길 7,37.545581,126.948847,472,152,29,21,480,46,499,에스케이건설(주),HT001,112.38,84.93,76,3,2,48,계단식,,,,,,,,,,,17억,"18억 5,000",,,,2억/320,,2억/320,서울용강초등학교,B100002007,서울특별시 마포구 대흥동 51,공립,단설,19160426,서울특별시교육청,http://yonggang.sen.es.kr,20230531,17.0,20.0,258,282,20230531,3,38,4,4,4,4,5,4,86,85,96,81,107,,2,11,25,540,2,3,0,0,20230531,9,,0,0.0,20230531,직영,3377,540,621453000,37.5487996,126.94385686,1144010800,서울시,19.8,17.4,마포구,20.1,18.0,7,74.0,144.0
3,공덕SK리더스뷰(주상복합),128A㎡,서울시 마포구 공덕동,1144010200,479,서울시 마포구 백범로31길 7,37.545581,126.948847,472,152,29,21,480,46,499,에스케이건설(주),HT001,128.29,97.8,76,3,2,26,계단식,,,,,,,,,,,21억,"21억 5,000",,,,,,,서울용강초등학교,B100002007,서울특별시 마포구 대흥동 51,공립,단설,19160426,서울특별시교육청,http://yonggang.sen.es.kr,20230531,17.0,20.0,258,282,20230531,3,38,4,4,4,4,5,4,86,85,96,81,107,,2,11,25,540,2,3,0,0,20230531,9,,0,0.0,20230531,직영,3377,540,621453000,37.5487996,126.94385686,1144010800,서울시,19.8,17.4,마포구,20.1,18.0,7,74.0,144.0
4,공덕SK리더스뷰(주상복합),128B㎡,서울시 마포구 공덕동,1144010200,479,서울시 마포구 백범로31길 7,37.545581,126.948847,472,152,29,21,480,46,499,에스케이건설(주),HT001,128.35,97.7,76,3,2,26,계단식,,,,,,,,,,,20억,23억,,13억,,,,,서울용강초등학교,B100002007,서울특별시 마포구 대흥동 51,공립,단설,19160426,서울특별시교육청,http://yonggang.sen.es.kr,20230531,17.0,20.0,258,282,20230531,3,38,4,4,4,4,5,4,86,85,96,81,107,,2,11,25,540,2,3,0,0,20230531,9,,0,0.0,20230531,직영,3377,540,621453000,37.5487996,126.94385686,1144010800,서울시,19.8,17.4,마포구,20.1,18.0,7,74.0,144.0
5,공덕SK리더스뷰(주상복합),151,서울시 마포구 공덕동,1144010200,479,서울시 마포구 백범로31길 7,37.545581,126.948847,472,152,29,21,480,46,499,에스케이건설(주),HT001,151.91,115.61,76,4,2,26,계단식,,,,,,,,,,,,29억,,,,,,,서울용강초등학교,B100002007,서울특별시 마포구 대흥동 51,공립,단설,19160426,서울특별시교육청,http://yonggang.sen.es.kr,20230531,17.0,20.0,258,282,20230531,3,38,4,4,4,4,5,4,86,85,96,81,107,,2,11,25,540,2,3,0,0,20230531,9,,0,0.0,20230531,직영,3377,540,621453000,37.5487996,126.94385686,1144010800,서울시,19.8,17.4,마포구,20.1,18.0,7,74.0,144.0
0,공덕더샵(주상복합),27㎡,서울시 마포구 공덕동,1144010200,478,서울시 마포구 백범로 170,37.544465,126.949082,124,0,23,21,454,56,161,(주)포스코건설,HT001,27.03,19.78,73,1,1,2,계단식,101400,305640,20280,183960,0,0,0,,,,,,,,,,,,서울염리초등학교,B100002006,서울특별시 마포구 염리동 173-4,공립,단설,19830803,서울특별시교육청,https://yeomri.sen.es.kr,20230531,22.8,24.5,690,757,20230531,4,80,10,10,9,9,10,9,250,265,220,230,250,,2,8,57,1447,2,5,0,0,20230531,21,,0,0.0,20230531,직영,3417,1447,917871000,37.54243453,126.94586728,1144010900,서울시,19.8,17.4,마포구,20.1,18.0,5,224.0,328.0
1,공덕더샵(주상복합),80㎡,서울시 마포구 공덕동,1144010200,478,서울시 마포구 백범로 170,37.544465,126.949082,124,0,23,21,454,56,161,(주)포스코건설,HT001,80.18,59.95,75,3,2,2,계단식,653625,1297800,130725,513450,0,0,0,,,,,,,,,,,,서울염리초등학교,B100002006,서울특별시 마포구 염리동 173-4,공립,단설,19830803,서울특별시교육청,https://yeomri.sen.es.kr,20230531,22.8,24.5,690,757,20230531,4,80,10,10,9,9,10,9,250,265,220,230,250,,2,8,57,1447,2,5,0,0,20230531,21,,0,0.0,20230531,직영,3417,1447,917871000,37.54243453,126.94586728,1144010900,서울시,19.8,17.4,마포구,20.1,18.0,5,224.0,328.0
2,공덕더샵(주상복합),112C㎡,서울시 마포구 공덕동,1144010200,478,서울시 마포구 백범로 170,37.544465,126.949082,124,0,23,21,454,56,161,(주)포스코건설,HT001,112.2,84.95,76,3,2,36,계단식,1684800,2831940,336960,810180,562464,468720,93744,,,,18억,"19억 5,000",,,,7억/160,,7억/160,서울염리초등학교,B100002006,서울특별시 마포구 염리동 173-4,공립,단설,19830803,서울특별시교육청,https://yeomri.sen.es.kr,20230531,22.8,24.5,690,757,20230531,4,80,10,10,9,9,10,9,250,265,220,230,250,,2,8,57,1447,2,5,0,0,20230531,21,,0,0.0,20230531,직영,3417,1447,917871000,37.54243453,126.94586728,1144010900,서울시,19.8,17.4,마포구,20.1,18.0,5,224.0,328.0
3,공덕더샵(주상복합),113A㎡,서울시 마포구 공덕동,1144010200,478,서울시 마포구 백범로 170,37.544465,126.949082,124,0,23,21,454,56,161,(주)포스코건설,HT001,113.99,84.99,75,3,2,42,계단식,1684800,2831940,336960,810180,562464,468720,93744,,,,,17억,,,,"6억 5,000/160",,"6억 5,000/160",서울염리초등학교,B100002006,서울특별시 마포구 염리동 173-4,공립,단설,19830803,서울특별시교육청,https://yeomri.sen.es.kr,20230531,22.8,24.5,690,757,20230531,4,80,10,10,9,9,10,9,250,265,220,230,250,,2,8,57,1447,2,5,0,0,20230531,21,,0,0.0,20230531,직영,3417,1447,917871000,37.54243453,126.94586728,1144010900,서울시,19.8,17.4,마포구,20.1,18.0,5,224.0,328.0
4,공덕더샵(주상복합),113B,서울시 마포구 공덕동,1144010200,478,서울시 마포구 백범로 170,37.544465,126.949082,124,0,23,21,454,56,161,(주)포스코건설,HT001,113.18,84.95,75,3,2,42,계단식,1684800,2831940,336960,810180,562464,468720,93744,,,,17억,19억,,10억,,,,,서울염리초등학교,B100002006,서울특별시 마포구 염리동 173-4,공립,단설,19830803,서울특별시교육청,https://yeomri.sen.es.kr,20230531,22.8,24.5,690,757,20230531,4,80,10,10,9,9,10,9,250,265,220,230,250,,2,8,57,1447,2,5,0,0,20230531,21,,0,0.0,20230531,직영,3417,1447,917871000,37.54243453,126.94586728,1144010900,서울시,19.8,17.4,마포구,20.1,18.0,5,224.0,328.0
0,공덕래미안4차,84㎡,서울시 마포구 공덕동,1144010200,464,서울시 마포구 마포대로11길 50,37.549944,126.95112,597,0,20,8,199,15,635,삼성물산(주),HT001,84.91,59.9,71,3,2,315,계단식,1164600,2025630,232920,628110,0,0,0,,162868,176453,"11억 7,000",13억,,7억,,1억/210,,1억/210,서울공덕초등학교,B100001970,서울특별시 마포구 공덕동 256-4,공립,단설,19440411,서울특별시교육청,http://kongduck.sen.es.kr,20230531,19.4,21.3,369,355,20230531,2,51,6,6,6,5,5,4,129,126,129,111,124,,2,12,32,724,4,1,0,0,20230531,8,,0,0.0,20230531,직영,3385,749,774801000,37.54572846,126.95409379,1144010200,서울시,19.8,17.4,마포구,20.1,18.0,11,93.0,111.0
1,공덕래미안4차,104A㎡,서울시 마포구 공덕동,1144010200,464,서울시 마포구 마포대로11길 50,37.549944,126.95112,597,0,20,8,199,15,635,삼성물산(주),HT001,104.1,83.42,80,3,2,104,계단식,1465200,2491560,293040,733320,193536,161280,32256,,226819,245738,,14억,,,,,,,서울공덕초등학교,B100001970,서울특별시 마포구 공덕동 256-4,공립,단설,19440411,서울특별시교육청,http://kongduck.sen.es.kr,20230531,19.4,21.3,369,355,20230531,2,51,6,6,6,5,5,4,129,126,129,111,124,,2,12,32,724,4,1,0,0,20230531,8,,0,0.0,20230531,직영,3385,749,774801000,37.54572846,126.95409379,1144010200,서울시,19.8,17.4,마포구,20.1,18.0,11,93.0,111.0
2,공덕래미안4차,105B㎡,서울시 마포구 공덕동,1144010200,464,서울시 마포구 마포대로11길 50,37.549944,126.95112,597,0,20,8,199,15,635,삼성물산(주),HT001,105.84,83.42,79,3,2,70,계단식,1465200,2491560,293040,733320,193536,161280,32256,,226819,245738,,15억,,,,,,,서울공덕초등학교,B100001970,서울특별시 마포구 공덕동 256-4,공립,단설,19440411,서울특별시교육청,http://kongduck.sen.es.kr,20230531,19.4,21.3,369,355,20230531,2,51,6,6,6,5,5,4,129,126,129,111,124,,2,12,32,724,4,1,0,0,20230531,8,,0,0.0,20230531,직영,3385,749,774801000,37.54572846,126.95409379,1144010200,서울시,19.8,17.4,마포구,20.1,18.0,11,93.0,111.0
3,공덕래미안4차,141,서울시 마포구 공덕동,1144010200,464,서울시 마포구 마포대로11길 50,37.549944,126.95112,597,0,20,8,199,15,635,삼성물산(주),HT001,141.77,112.71,80,4,2,108,계단식,1675800,2817990,335160,807030,547344,456120,91224,,306458,332020,17억,"17억 5,000",,,,,,,서울공덕초등학교,B100001970,서울특별시 마포구 공덕동 256-4,공립,단설,19440411,서울특별시교육청,http://kongduck.sen.es.kr,20230531,19.4,21.3,369,355,20230531,2,51,6,6,6,5,5,4,129,126,129,111,124,,2,12,32,724,4,1,0,0,20230531,8,,0,0.0,20230531,직영,3385,749,774801000,37.54572846,126.95409379,1144010200,서울시,19.8,17.4,마포구,20.1,18.0,11,93.0,111.0
0,공덕삼성,85㎡,서울시 마포구 공덕동,1144010200,371,서울시 마포구 마포대로 115-8,37.54653,126.951292,651,0,25,10,266,18,779,삼성물산(주),HT001,85.62,59.74,70,2,1,230,복도식,685125,1348200,137025,526050,0,0,0,,167507,177010,11억,"11억 5,000","5억 2,000","5억 5,000",1억/180,3억/120,1억/180,3억/120,서울공덕초등학교,B100001970,서울특별시 마포구 공덕동 256-4,공립,단설,19440411,서울특별시교육청,http://kongduck.sen.es.kr,20230531,19.4,21.3,369,355,20230531,2,51,6,6,6,5,5,4,129,126,129,111,124,,2,12,32,724,4,1,0,0,20230531,8,,0,0.0,20230531,직영,3385,749,774801000,37.54572846,126.95409379,1144010200,서울시,19.8,17.4,마포구,20.1,18.0,6,93.0,111.0
1,공덕삼성,112㎡,서울시 마포구 공덕동,1144010200,371,서울시 마포구 마포대로 115-8,37.54653,126.951292,651,0,25,10,266,18,779,삼성물산(주),HT001,112.65,84.94,75,3,2,287,계단식,1425600,2430180,285120,719460,127008,105840,21168,,238167,251679,"13억 7,000","14억 2,000",,,"5,000/240",2억/170,"5,000/240",2억/170,서울공덕초등학교,B100001970,서울특별시 마포구 공덕동 256-4,공립,단설,19440411,서울특별시교육청,http://kongduck.sen.es.kr,20230531,19.4,21.3,369,355,20230531,2,51,6,6,6,5,5,4,129,126,129,111,124,,2,12,32,724,4,1,0,0,20230531,8,,0,0.0,20230531,직영,3385,749,774801000,37.54572846,126.95409379,1144010200,서울시,19.8,17.4,마포구,20.1,18.0,6,93.0,111.0
2,공덕삼성,142,서울시 마포구 공덕동,1144010200,371,서울시 마포구 마포대로 115-8,37.54653,126.951292,651,0,25,10,266,18,779,삼성물산(주),HT001,142.76,114.88,80,4,2,134,계단식,1569600,2653380,313920,769860,368928,307440,61488,,322117,340391,"17억 5,000",18억,,,,,,,서울공덕초등학교,B100001970,서울특별시 마포구 공덕동 256-4,공립,단설,19440411,서울특별시교육청,http://kongduck.sen.es.kr,20230531,19.4,21.3,369,355,20230531,2,51,6,6,6,5,5,4,129,126,129,111,124,,2,12,32,724,4,1,0,0,20230531,8,,0,0.0,20230531,직영,3385,749,774801000,37.54572846,126.95409379,1144010200,서울시,19.8,17.4,마포구,20.1,18.0,6,93.0,111.0
0,공덕스카이(주상복합),106,서울시 마포구 공덕동,1144010200,4-32,서울시 마포구 만리재로 119,37.550653,126.960978,9,0,13,13,590,57,16,정도토건(주),HT001,106.74,84.97,80,3,2,9,계단식,190800,488520,38160,259560,0,0,0,,,,,"7억 9,000",,,,,,,서울소의초등학교,B100001992,서울특별시 마포구 아현동 386-1,공립,단설,19330501,서울특별시교육청,http://soeui.sen.es.kr,20230531,17.5,20.4,227,223,20230531,4,32,4,4,3,3,4,3,80,82,69,67,83,,1,7,21,450,3,2,0,0,20230531,10,,0,0.0,20230531,직영,3377,531,584364000,37.55221087,126.96082108,1144010100,서울시,19.8,17.4,마포구,20.1,18.0,3,62.0,112.0
0,공덕시티하우스(주상복합),26㎡,서울시 마포구 공덕동,1144010200,115-45,서울시 마포구 만리재로 81,37.547936,126.958413,4,0,18,16,763,58,2,(주)담을건설,HT001,26.42,19.37,73,1,1,1,계단식,,,,,,,,,,,,,,,,,,,서울소의초등학교,B100001992,서울특별시 마포구 아현동 386-1,공립,단설,19330501,서울특별시교육청,http://soeui.sen.es.kr,20230531,17.5,20.4,227,223,20230531,4,32,4,4,3,3,4,3,80,82,69,67,83,,1,7,21,450,3,2,0,0,20230531,10,,0,0.0,20230531,직영,3377,531,584364000,37.55221087,126.96082108,1144010100,서울시,19.8,17.4,마포구,20.1,18.0,8,62.0,112.0
1,공덕시티하우스(주상복합),118㎡,서울시 마포구 공덕동,1144010200,115-45,서울시 마포구 만리재로 81,37.547936,126.958413,4,0,18,16,763,58,2,(주)담을건설,HT001,118.54,86.92,73,3,2,1,계단식,,,,,,,,,,,,,,,,,,,서울소의초등학교,B100001992,서울특별시 마포구 아현동 386-1,공립,단설,19330501,서울특별시교육청,http://soeui.sen.es.kr,20230531,17.5,20.4,227,223,20230531,4,32,4,4,3,3,4,3,80,82,69,67,83,,1,7,21,450,3,2,0,0,20230531,10,,0,0.0,20230531,직영,3377,531,584364000,37.55221087,126.96082108,1144010100,서울시,19.8,17.4,마포구,20.1,18.0,8,62.0,112.0
2,공덕시티하우스(주상복합),131㎡,서울시 마포구 공덕동,1144010200,115-45,서울시 마포구 만리재로 81,37.547936,126.958413,4,0,18,16,763,58,2,(주)담을건설,HT001,131.14,96.16,73,4,2,1,계단식,,,,,,,,,,,,,,,,,,,서울소의초등학교,B100001992,서울특별시 마포구 아현동 386-1,공립,단설,19330501,서울특별시교육청,http://soeui.sen.es.kr,20230531,17.5,20.4,227,223,20230531,4,32,4,4,3,3,4,3,80,82,69,67,83,,1,7,21,450,3,2,0,0,20230531,10,,0,0.0,20230531,직영,3377,531,584364000,37.55221087,126.96082108,1144010100,서울시,19.8,17.4,마포구,20.1,18.0,8,62.0,112.0
3,공덕시티하우스(주상복합),134,서울시 마포구 공덕동,1144010200,115-45,서울시 마포구 만리재로 81,37.547936,126.958413,4,0,18,16,763,58,2,(주)담을건설,HT001,134.49,98.61,73,4,2,1,계단식,,,,,,,,,,,,,,,,,,,서울소의초등학교,B100001992,서울특별시 마포구 아현동 386-1,공립,단설,19330501,서울특별시교육청,http://soeui.sen.es.kr,20230531,17.5,20.4,227,223,20230531,4,32,4,4,3,3,4,3,80,82,69,67,83,,1,7,21,450,3,2,0,0,20230531,10,,0,0.0,20230531,직영,3377,531,584364000,37.55221087,126.96082108,1144010100,서울시,19.8,17.4,마포구,20.1,18.0,8,62.0,112.0
0,공덕파크자이(주상복합),37㎡,서울시 마포구 공덕동,1144010200,476,서울시 마포구 백범로 152,37.545161,126.947249,288,0,23,18,453,52,485,지에스건설(주),HT001,37.57,27.07,72,1,1,4,계단식,132300,377370,26460,218610,0,0,0,,110610,118270,,,,,,,,,서울염리초등학교,B100002006,서울특별시 마포구 염리동 173-4,공립,단설,19830803,서울특별시교육청,https://yeomri.sen.es.kr,20230531,22.8,24.5,690,757,20230531,4,80,10,10,9,9,10,9,250,265,220,230,250,,2,8,57,1447,2,5,0,0,20230531,21,,0,0.0,20230531,직영,3417,1447,917871000,37.54243453,126.94586728,1144010900,서울시,19.8,17.4,마포구,20.1,18.0,6,224.0,328.0
1,공덕파크자이(주상복합),72㎡,서울시 마포구 공덕동,1144010200,476,서울시 마포구 백범로 152,37.545161,126.947249,288,0,23,18,453,52,485,지에스건설(주),HT001,72.97,54.48,75,2,1,4,계단식,463050,992880,92610,437220,0,0,0,,222609,238025,,,,,,,,,서울염리초등학교,B100002006,서울특별시 마포구 염리동 173-4,공립,단설,19830803,서울특별시교육청,https://yeomri.sen.es.kr,20230531,22.8,24.5,690,757,20230531,4,80,10,10,9,9,10,9,250,265,220,230,250,,2,8,57,1447,2,5,0,0,20230531,21,,0,0.0,20230531,직영,3417,1447,917871000,37.54243453,126.94586728,1144010900,서울시,19.8,17.4,마포구,20.1,18.0,6,224.0,328.0
2,공덕파크자이(주상복합),112㎡,서울시 마포구 공덕동,1144010200,476,서울시 마포구 백범로 152,37.545161,126.947249,288,0,23,18,453,52,485,지에스건설(주),HT001,112.26,83.8,75,3,2,6,계단식,1618200,2728710,323640,786870,450576,375480,75096,,342395,366107,,,,,,,,,서울염리초등학교,B100002006,서울특별시 마포구 염리동 173-4,공립,단설,19830803,서울특별시교육청,https://yeomri.sen.es.kr,20230531,22.8,24.5,690,757,20230531,4,80,10,10,9,9,10,9,250,265,220,230,250,,2,8,57,1447,2,5,0,0,20230531,21,,0,0.0,20230531,직영,3417,1447,917871000,37.54243453,126.94586728,1144010900,서울시,19.8,17.4,마포구,20.1,18.0,6,224.0,328.0
3,공덕파크자이(주상복합),113C㎡,서울시 마포구 공덕동,1144010200,476,서울시 마포구 백범로 152,37.545161,126.947249,288,0,23,18,453,52,485,지에스건설(주),HT001,113.08,84.99,75,3,2,79,계단식,1618200,2728710,323640,786870,450576,375480,75096,,347281,371331,"17억 5,000",18억,,10억,,1억/350,,1억/350,서울염리초등학교,B100002006,서울특별시 마포구 염리동 173-4,공립,단설,19830803,서울특별시교육청,https://yeomri.sen.es.kr,20230531,22.8,24.5,690,757,20230531,4,80,10,10,9,9,10,9,250,265,220,230,250,,2,8,57,1447,2,5,0,0,20230531,21,,0,0.0,20230531,직영,3417,1447,917871000,37.54243453,126.94586728,1144010900,서울시,19.8,17.4,마포구,20.1,18.0,6,224.0,328.0
4,공덕파크자이(주상복합),113B㎡,서울시 마포구 공덕동,1144010200,476,서울시 마포구 백범로 152,37.545161,126.947249,288,0,23,18,453,52,485,지에스건설(주),HT001,113.89,84.98,75,3,2,53,계단식,1618200,2728710,323640,786870,450576,375480,75096,,347216,371262,17억,18억,,,,1억/380,,1억/380,서울염리초등학교,B100002006,서울특별시 마포구 염리동 173-4,공립,단설,19830803,서울특별시교육청,https://yeomri.sen.es.kr,20230531,22.8,24.5,690,757,20230531,4,80,10,10,9,9,10,9,250,265,220,230,250,,2,8,57,1447,2,5,0,0,20230531,21,,0,0.0,20230531,직영,3417,1447,917871000,37.54243453,126.94586728,1144010900,서울시,19.8,17.4,마포구,20.1,18.0,6,224.0,328.0
5,공덕파크자이(주상복합),113E㎡,서울시 마포구 공덕동,1144010200,476,서울시 마포구 백범로 152,37.545161,126.947249,288,0,23,18,453,52,485,지에스건설(주),HT001,113.81,84.88,75,3,2,20,계단식,1618200,2728710,323640,786870,450576,375480,75096,,346828,370847,,17억,,,,,,,서울염리초등학교,B100002006,서울특별시 마포구 염리동 173-4,공립,단설,19830803,서울특별시교육청,https://yeomri.sen.es.kr,20230531,22.8,24.5,690,757,20230531,4,80,10,10,9,9,10,9,250,265,220,230,250,,2,8,57,1447,2,5,0,0,20230531,21,,0,0.0,20230531,직영,3417,1447,917871000,37.54243453,126.94586728,1144010900,서울시,19.8,17.4,마포구,20.1,18.0,6,224.0,328.0
6,공덕파크자이(주상복합),113F㎡,서울시 마포구 공덕동,1144010200,476,서울시 마포구 백범로 152,37.545161,126.947249,288,0,23,18,453,52,485,지에스건설(주),HT001,113.87,84.73,74,3,2,2,계단식,1618200,2728710,323640,786870,450576,375480,75096,,346219,370195,,,,,,,,,서울염리초등학교,B100002006,서울특별시 마포구 염리동 173-4,공립,단설,19830803,서울특별시교육청,https://yeomri.sen.es.kr,20230531,22.8,24.5,690,757,20230531,4,80,10,10,9,9,10,9,250,265,220,230,250,,2,8,57,1447,2,5,0,0,20230531,21,,0,0.0,20230531,직영,3417,1447,917871000,37.54243453,126.94586728,1144010900,서울시,19.8,17.4,마포구,20.1,18.0,6,224.0,328.0
7,공덕파크자이(주상복합),114D㎡,서울시 마포구 공덕동,1144010200,476,서울시 마포구 백범로 152,37.545161,126.947249,288,0,23,18,453,52,485,지에스건설(주),HT001,114.08,84.95,74,3,2,31,계단식,1530000,2592000,306000,756000,302400,252000,50400,,347110,371148,,,,10억,,,,,서울염리초등학교,B100002006,서울특별시 마포구 염리동 173-4,공립,단설,19830803,서울특별시교육청,https://yeomri.sen.es.kr,20230531,22.8,24.5,690,757,20230531,4,80,10,10,9,9,10,9,250,265,220,230,250,,2,8,57,1447,2,5,0,0,20230531,21,,0,0.0,20230531,직영,3417,1447,917871000,37.54243453,126.94586728,1144010900,서울시,19.8,17.4,마포구,20.1,18.0,6,224.0,328.0
8,공덕파크자이(주상복합),114D1㎡,서울시 마포구 공덕동,1144010200,476,서울시 마포구 백범로 152,37.545161,126.947249,288,0,23,18,453,52,485,지에스건설(주),HT001,114.08,84.95,74,3,2,31,계단식,1530000,2592000,306000,756000,302400,252000,50400,,347110,371148,16억,17억,,,,,,,서울염리초등학교,B100002006,서울특별시 마포구 염리동 173-4,공립,단설,19830803,서울특별시교육청,https://yeomri.sen.es.kr,20230531,22.8,24.5,690,757,20230531,4,80,10,10,9,9,10,9,250,265,220,230,250,,2,8,57,1447,2,5,0,0,20230531,21,,0,0.0,20230531,직영,3417,1447,917871000,37.54243453,126.94586728,1144010900,서울시,19.8,17.4,마포구,20.1,18.0,6,224.0,328.0
9,공덕파크자이(주상복합),114A㎡,서울시 마포구 공덕동,1144010200,476,서울시 마포구 백범로 152,37.545161,126.947249,288,0,23,18,453,52,485,지에스건설(주),HT001,114.31,84.9,74,3,2,16,계단식,1618200,2728710,323640,786870,450576,375480,75096,,346900,370923,17억,"17억 5,000",,,,,,,서울염리초등학교,B100002006,서울특별시 마포구 염리동 173-4,공립,단설,19830803,서울특별시교육청,https://yeomri.sen.es.kr,20230531,22.8,24.5,690,757,20230531,4,80,10,10,9,9,10,9,250,265,220,230,250,,2,8,57,1447,2,5,0,0,20230531,21,,0,0.0,20230531,직영,3417,1447,917871000,37.54243453,126.94586728,1144010900,서울시,19.8,17.4,마포구,20.1,18.0,6,224.0,328.0
10,공덕파크자이(주상복합),159㎡,서울시 마포구 공덕동,1144010200,476,서울시 마포구 백범로 152,37.545161,126.947249,288,0,23,18,453,52,485,지에스건설(주),HT001,159.22,119.01,75,4,2,4,계단식,2147400,3548970,429480,972090,1339632,1116360,223272,,486262,519936,,,,,,,,,서울염리초등학교,B100002006,서울특별시 마포구 염리동 173-4,공립,단설,19830803,서울특별시교육청,https://yeomri.sen.es.kr,20230531,22.8,24.5,690,757,20230531,4,80,10,10,9,9,10,9,250,265,220,230,250,,2,8,57,1447,2,5,0,0,20230531,21,,0,0.0,20230531,직영,3417,1447,917871000,37.54243453,126.94586728,1144010900,서울시,19.8,17.4,마포구,20.1,18.0,6,224.0,328.0
11,공덕파크자이(주상복합),162㎡,서울시 마포구 공덕동,1144010200,476,서울시 마포구 백범로 152,37.545161,126.947249,288,0,23,18,453,52,485,지에스건설(주),HT001,162.4,121.45,75,4,2,34,계단식,2147400,3548970,429480,972090,1339632,1116360,223272,,496248,530613,23억,24억,,,1억/600,10억/220,1억/600,10억/220,서울염리초등학교,B100002006,서울특별시 마포구 염리동 173-4,공립,단설,19830803,서울특별시교육청,https://yeomri.sen.es.kr,20230531,22.8,24.5,690,757,20230531,4,80,10,10,9,9,10,9,250,265,220,230,250,,2,8,57,1447,2,5,0,0,20230531,21,,0,0.0,20230531,직영,3417,1447,917871000,37.54243453,126.94586728,1144010900,서울시,19.8,17.4,마포구,20.1,18.0,6,224.0,328.0
12,공덕파크자이(주상복합),168㎡,서울시 마포구 공덕동,1144010200,476,서울시 마포구 백범로 152,37.545161,126.947249,288,0,23,18,453,52,485,지에스건설(주),HT001,168.41,125.13,74,4,2,2,계단식,2320200,3816810,464040,1032570,1686096,1405080,281016,,511276,546683,,"29억 5,000",,,,,,,서울염리초등학교,B100002006,서울특별시 마포구 염리동 173-4,공립,단설,19830803,서울특별시교육청,https://yeomri.sen.es.kr,20230531,22.8,24.5,690,757,20230531,4,80,10,10,9,9,10,9,250,265,220,230,250,,2,8,57,1447,2,5,0,0,20230531,21,,0,0.0,20230531,직영,3417,1447,917871000,37.54243453,126.94586728,1144010900,서울시,19.8,17.4,마포구,20.1,18.0,6,224.0,328.0
13,공덕파크자이(주상복합),199,서울시 마포구 공덕동,1144010200,476,서울시 마포구 백범로 152,37.545161,126.947249,288,0,23,18,453,52,485,지에스건설(주),HT001,199.75,149.04,75,4,2,2,계단식,2593800,4240890,518760,1128330,2364624,1970520,394104,,608965,651136,,,,,,,,,서울염리초등학교,B100002006,서울특별시 마포구 염리동 173-4,공립,단설,19830803,서울특별시교육청,https://yeomri.sen.es.kr,20230531,22.8,24.5,690,757,20230531,4,80,10,10,9,9,10,9,250,265,220,230,250,,2,8,57,1447,2,5,0,0,20230531,21,,0,0.0,20230531,직영,3417,1447,917871000,37.54243453,126.94586728,1144010900,서울시,19.8,17.4,마포구,20.1,18.0,6,224.0,328.0
0,공덕현대,68㎡,서울시 마포구 공덕동,1144010200,370-9,서울시 마포구 마포대로11길 73,37.548404,126.950236,183,0,15,7,201,18,128,현대건설,HT001,68.16,51.62,76,2,1,26,복도식,327600,748440,65520,355320,0,0,0,,145192,149366,"8억 7,000","9억 5,000",,,,,,,서울공덕초등학교,B100001970,서울특별시 마포구 공덕동 256-4,공립,단설,19440411,서울특별시교육청,http://kongduck.sen.es.kr,20230531,19.4,21.3,369,355,20230531,2,51,6,6,6,5,5,4,129,126,129,111,124,,2,12,32,724,4,1,0,0,20230531,8,,0,0.0,20230531,직영,3385,749,774801000,37.54572846,126.95409379,1144010200,서울시,19.8,17.4,마포구,20.1,18.0,10,93.0,111.0
1,공덕현대,87A㎡,서울시 마포구 공덕동,1144010200,370-9,서울시 마포구 마포대로11길 73,37.548404,126.950236,183,0,15,7,201,18,128,현대건설,HT001,87.19,71.82,82,3,1,13,계단식,387900,863010,77580,397530,0,0,0,,202009,207816,,,,,,,,,서울공덕초등학교,B100001970,서울특별시 마포구 공덕동 256-4,공립,단설,19440411,서울특별시교육청,http://kongduck.sen.es.kr,20230531,19.4,21.3,369,355,20230531,2,51,6,6,6,5,5,4,129,126,129,111,124,,2,12,32,724,4,1,0,0,20230531,8,,0,0.0,20230531,직영,3385,749,774801000,37.54572846,126.95409379,1144010200,서울시,19.8,17.4,마포구,20.1,18.0,10,93.0,111.0
2,공덕현대,87B㎡,서울시 마포구 공덕동,1144010200,370-9,서울시 마포구 마포대로11길 73,37.548404,126.950236,183,0,15,7,201,18,128,현대건설,HT001,87.41,72,82,3,1,7,계단식,381600,851040,76320,393120,0,0,0,,202515,208337,,,,,,,,,서울공덕초등학교,B100001970,서울특별시 마포구 공덕동 256-4,공립,단설,19440411,서울특별시교육청,http://kongduck.sen.es.kr,20230531,19.4,21.3,369,355,20230531,2,51,6,6,6,5,5,4,129,126,129,111,124,,2,12,32,724,4,1,0,0,20230531,8,,0,0.0,20230531,직영,3385,749,774801000,37.54572846,126.95409379,1144010200,서울시,19.8,17.4,마포구,20.1,18.0,10,93.0,111.0
3,공덕현대,98㎡,서울시 마포구 공덕동,1144010200,370-9,서울시 마포구 마포대로11길 73,37.548404,126.950236,183,0,15,7,201,18,128,현대건설,HT001,98.17,74.34,76,3,1,14,계단식,441000,957600,88200,428400,0,0,0,,209097,215108,11억,"11억 6,000",,,,,,,서울공덕초등학교,B100001970,서울특별시 마포구 공덕동 256-4,공립,단설,19440411,서울특별시교육청,http://kongduck.sen.es.kr,20230531,19.4,21.3,369,355,20230531,2,51,6,6,6,5,5,4,129,126,129,111,124,,2,12,32,724,4,1,0,0,20230531,8,,0,0.0,20230531,직영,3385,749,774801000,37.54572846,126.95409379,1144010200,서울시,19.8,17.4,마포구,20.1,18.0,10,93.0,111.0
4,공덕현대,102A㎡,서울시 마포구 공덕동,1144010200,370-9,서울시 마포구 마포대로11길 73,37.548404,126.950236,183,0,15,7,201,18,128,현대건설,HT001,102,84.61,83,3,1,86,계단식,612675,1232280,122535,497070,0,0,0,,237983,244825,12억,13억,,,,,,,서울공덕초등학교,B100001970,서울특별시 마포구 공덕동 256-4,공립,단설,19440411,서울특별시교육청,http://kongduck.sen.es.kr,20230531,19.4,21.3,369,355,20230531,2,51,6,6,6,5,5,4,129,126,129,111,124,,2,12,32,724,4,1,0,0,20230531,8,,0,0.0,20230531,직영,3385,749,774801000,37.54572846,126.95409379,1144010200,서울시,19.8,17.4,마포구,20.1,18.0,10,93.0,111.0
5,공덕현대,102C㎡,서울시 마포구 공덕동,1144010200,370-9,서울시 마포구 마포대로11길 73,37.548404,126.950236,183,0,15,7,201,18,128,현대건설,HT001,102.23,84.79,83,3,1,23,계단식,612675,1232280,122535,497070,0,0,0,,238490,245346,12억,"12억 5,000",,"5억 3,000",,,,,서울공덕초등학교,B100001970,서울특별시 마포구 공덕동 256-4,공립,단설,19440411,서울특별시교육청,http://kongduck.sen.es.kr,20230531,19.4,21.3,369,355,20230531,2,51,6,6,6,5,5,4,129,126,129,111,124,,2,12,32,724,4,1,0,0,20230531,8,,0,0.0,20230531,직영,3385,749,774801000,37.54572846,126.95409379,1144010200,서울시,19.8,17.4,마포구,20.1,18.0,10,93.0,111.0
6,공덕현대,102B,서울시 마포구 공덕동,1144010200,370-9,서울시 마포구 마포대로11길 73,37.548404,126.950236,183,0,15,7,201,18,128,현대건설,HT001,102.83,84.69,82,3,1,14,계단식,612675,1232280,122535,497070,0,0,0,,238209,245057,,"11억 9,000",,,,,,,서울공덕초등학교,B100001970,서울특별시 마포구 공덕동 256-4,공립,단설,19440411,서울특별시교육청,http://kongduck.sen.es.kr,20230531,19.4,21.3,369,355,20230531,2,51,6,6,6,5,5,4,129,126,129,111,124,,2,12,32,724,4,1,0,0,20230531,8,,0,0.0,20230531,직영,3385,749,774801000,37.54572846,126.95409379,1144010200,서울시,19.8,17.4,마포구,20.1,18.0,10,93.0,111.0
0,두영이지안,106A㎡,서울시 마포구 공덕동,1144010200,468,서울시 마포구 만리재로14길 27,37.54995,126.962006,39,0,9,8,197,26,53,두영종합건설(주),HT001,106.17,84.69,80,3,2,8,계단식,256500,613350,51300,305550,0,0,0,,,,,,,,,,,,서울소의초등학교,B100001992,서울특별시 마포구 아현동 386-1,공립,단설,19330501,서울특별시교육청,http://soeui.sen.es.kr,20230531,17.5,20.4,227,223,20230531,4,32,4,4,3,3,4,3,80,82,69,67,83,,1,7,21,450,3,2,0,0,20230531,10,,0,0.0,20230531,직영,3377,531,584364000,37.55221087,126.96082108,1144010100,서울시,19.8,17.4,마포구,20.1,18.0,4,62.0,112.0
1,두영이지안,106B㎡,서울시 마포구 공덕동,1144010200,468,서울시 마포구 만리재로14길 27,37.54995,126.962006,39,0,9,8,197,26,53,두영종합건설(주),HT001,106.18,84.7,80,3,2,8,계단식,256500,613350,51300,305550,0,0,0,,,,,,,,,,,,서울소의초등학교,B100001992,서울특별시 마포구 아현동 386-1,공립,단설,19330501,서울특별시교육청,http://soeui.sen.es.kr,20230531,17.5,20.4,227,223,20230531,4,32,4,4,3,3,4,3,80,82,69,67,83,,1,7,21,450,3,2,0,0,20230531,10,,0,0.0,20230531,직영,3377,531,584364000,37.55221087,126.96082108,1144010100,서울시,19.8,17.4,마포구,20.1,18.0,4,62.0,112.0
2,두영이지안,106C㎡,서울시 마포구 공덕동,1144010200,468,서울시 마포구 만리재로14길 27,37.54995,126.962006,39,0,9,8,197,26,53,두영종합건설(주),HT001,106.27,84.76,80,3,2,8,계단식,256500,613350,51300,305550,0,0,0,,,,,11억,,,,,,,서울소의초등학교,B100001992,서울특별시 마포구 아현동 386-1,공립,단설,19330501,서울특별시교육청,http://soeui.sen.es.kr,20230531,17.5,20.4,227,223,20230531,4,32,4,4,3,3,4,3,80,82,69,67,83,,1,7,21,450,3,2,0,0,20230531,10,,0,0.0,20230531,직영,3377,531,584364000,37.55221087,126.96082108,1144010100,서울시,19.8,17.4,마포구,20.1,18.0,4,62.0,112.0
3,두영이지안,106D㎡,서울시 마포구 공덕동,1144010200,468,서울시 마포구 만리재로14길 27,37.54995,126.962006,39,0,9,8,197,26,53,두영종합건설(주),HT001,106.3,84.79,80,3,2,7,계단식,251100,603090,50220,301770,0,0,0,,,,,,,,,,,,서울소의초등학교,B100001992,서울특별시 마포구 아현동 386-1,공립,단설,19330501,서울특별시교육청,http://soeui.sen.es.kr,20230531,17.5,20.4,227,223,20230531,4,32,4,4,3,3,4,3,80,82,69,67,83,,1,7,21,450,3,2,0,0,20230531,10,,0,0.0,20230531,직영,3377,531,584364000,37.55221087,126.96082108,1144010100,서울시,19.8,17.4,마포구,20.1,18.0,4,62.0,112.0
4,두영이지안,139㎡,서울시 마포구 공덕동,1144010200,468,서울시 마포구 만리재로14길 27,37.54995,126.962006,39,0,9,8,197,26,53,두영종합건설(주),HT001,139.89,111.59,80,4,2,7,계단식,311400,717660,62280,343980,0,0,0,,,,,,,,,,,,서울소의초등학교,B100001992,서울특별시 마포구 아현동 386-1,공립,단설,19330501,서울특별시교육청,http://soeui.sen.es.kr,20230531,17.5,20.4,227,223,20230531,4,32,4,4,3,3,4,3,80,82,69,67,83,,1,7,21,450,3,2,0,0,20230531,10,,0,0.0,20230531,직영,3377,531,584364000,37.55221087,126.96082108,1144010100,서울시,19.8,17.4,마포구,20.1,18.0,4,62.0,112.0
5,두영이지안,258,서울시 마포구 공덕동,1144010200,468,서울시 마포구 만리재로14길 27,37.54995,126.962006,39,0,9,8,197,26,53,두영종합건설(주),HT001,258.53,206.15,80,5,3,1,계단식,1168200,2031210,233640,629370,0,0,0,,,,,,,,,,,,서울소의초등학교,B100001992,서울특별시 마포구 아현동 386-1,공립,단설,19330501,서울특별시교육청,http://soeui.sen.es.kr,20230531,17.5,20.4,227,223,20230531,4,32,4,4,3,3,4,3,80,82,69,67,83,,1,7,21,450,3,2,0,0,20230531,10,,0,0.0,20230531,직영,3377,531,584364000,37.55221087,126.96082108,1144010100,서울시,19.8,17.4,마포구,20.1,18.0,4,62.0,112.0
0,래미안공덕3차,80㎡,서울시 마포구 공덕동,1144010200,457,서울시 마포구 마포대로7길 22,37.548322,126.952172,616,0,20,13,228,14,687,삼성물산(주),HT001,80.1,59.97,75,3,2,281,계단식,1272600,2193030,254520,665910,0,0,0,,165161,174560,"12억 7,000","13억 8,000",,"7억 4,000",,"3억 8,000/110",,"3억 8,000/110",서울공덕초등학교,B100001970,서울특별시 마포구 공덕동 256-4,공립,단설,19440411,서울특별시교육청,http://kongduck.sen.es.kr,20230531,19.4,21.3,369,355,20230531,2,51,6,6,6,5,5,4,129,126,129,111,124,,2,12,32,724,4,1,0,0,20230531,8,,0,0.0,20230531,직영,3385,749,774801000,37.54572846,126.95409379,1144010200,서울시,19.8,17.4,마포구,20.1,18.0,5,93.0,111.0
1,래미안공덕3차,106A㎡,서울시 마포구 공덕동,1144010200,457,서울시 마포구 마포대로7길 22,37.548322,126.952172,616,0,20,13,228,14,687,삼성물산(주),HT001,106.18,84.98,80,3,2,127,계단식,1623600,2737080,324720,788760,459648,383040,76608,,234039,247358,,,,,,,,,서울공덕초등학교,B100001970,서울특별시 마포구 공덕동 256-4,공립,단설,19440411,서울특별시교육청,http://kongduck.sen.es.kr,20230531,19.4,21.3,369,355,20230531,2,51,6,6,6,5,5,4,129,126,129,111,124,,2,12,32,724,4,1,0,0,20230531,8,,0,0.0,20230531,직영,3385,749,774801000,37.54572846,126.95409379,1144010200,서울시,19.8,17.4,마포구,20.1,18.0,5,93.0,111.0
2,래미안공덕3차,106B㎡,서울시 마포구 공덕동,1144010200,457,서울시 마포구 마포대로7길 22,37.548322,126.952172,616,0,20,13,228,14,687,삼성물산(주),HT001,106.61,84.98,80,3,2,76,계단식,1623600,2737080,324720,788760,459648,383040,76608,,234039,247358,,"15억 7,000",,,,,,,서울공덕초등학교,B100001970,서울특별시 마포구 공덕동 256-4,공립,단설,19440411,서울특별시교육청,http://kongduck.sen.es.kr,20230531,19.4,21.3,369,355,20230531,2,51,6,6,6,5,5,4,129,126,129,111,124,,2,12,32,724,4,1,0,0,20230531,8,,0,0.0,20230531,직영,3385,749,774801000,37.54572846,126.95409379,1144010200,서울시,19.8,17.4,마포구,20.1,18.0,5,93.0,111.0
3,래미안공덕3차,106C㎡,서울시 마포구 공덕동,1144010200,457,서울시 마포구 마포대로7길 22,37.548322,126.952172,616,0,20,13,228,14,687,삼성물산(주),HT001,106.04,84.98,80,3,2,20,계단식,1623600,2737080,324720,788760,459648,383040,76608,,234039,247358,,,,,,,,,서울공덕초등학교,B100001970,서울특별시 마포구 공덕동 256-4,공립,단설,19440411,서울특별시교육청,http://kongduck.sen.es.kr,20230531,19.4,21.3,369,355,20230531,2,51,6,6,6,5,5,4,129,126,129,111,124,,2,12,32,724,4,1,0,0,20230531,8,,0,0.0,20230531,직영,3385,749,774801000,37.54572846,126.95409379,1144010200,서울시,19.8,17.4,마포구,20.1,18.0,5,93.0,111.0
4,래미안공덕3차,136,서울시 마포구 공덕동,1144010200,457,서울시 마포구 마포대로7길 22,37.548322,126.952172,616,0,20,13,228,14,687,삼성물산(주),HT001,136.41,114.98,84,4,2,112,계단식,1818000,3038400,363600,856800,786240,655200,131040,,316661,334682,"17억 5,000","18억 5,000",,,,,,,서울공덕초등학교,B100001970,서울특별시 마포구 공덕동 256-4,공립,단설,19440411,서울특별시교육청,http://kongduck.sen.es.kr,20230531,19.4,21.3,369,355,20230531,2,51,6,6,6,5,5,4,129,126,129,111,124,,2,12,32,724,4,1,0,0,20230531,8,,0,0.0,20230531,직영,3385,749,774801000,37.54572846,126.95409379,1144010200,서울시,19.8,17.4,마포구,20.1,18.0,5,93.0,111.0
0,래미안공덕5차,80A㎡,서울시 마포구 공덕동,1144010200,469,서울시 마포구 마포대로 173-15,37.550204,126.953085,794,136,17,10,233,24,933,삼성물산(주),HT001,80.39,59.96,75,3,2,32,계단식,,,,,,,,,190436,198780,,,,,,,,,서울아현초등학교,B100001998,서울특별시 마포구 아현동 267-2,공립,단설,19250402,서울특별시교육청,http://ahyun.sen.es.kr,20230531,18.0,19.4,343,318,20230531,8,46,8,6,5,4,5,4,161,130,95,90,96,,2,6,32,661,1,4,0,0,20230531,12,,0,0.0,20230531,직영,3377,661,383047000,37.55583262,126.95624413,1144010100,서울시,19.8,17.4,마포구,20.1,18.0,10,83.0,158.0
1,래미안공덕5차,80B㎡,서울시 마포구 공덕동,1144010200,469,서울시 마포구 마포대로 173-15,37.550204,126.953085,794,136,17,10,233,24,933,삼성물산(주),HT001,80.48,59.97,75,3,2,32,계단식,,,,,,,,,190442,198787,"12억 8,000",13억,,,,,,,서울아현초등학교,B100001998,서울특별시 마포구 아현동 267-2,공립,단설,19250402,서울특별시교육청,http://ahyun.sen.es.kr,20230531,18.0,19.4,343,318,20230531,8,46,8,6,5,4,5,4,161,130,95,90,96,,2,6,32,661,1,4,0,0,20230531,12,,0,0.0,20230531,직영,3377,661,383047000,37.55583262,126.95624413,1144010100,서울시,19.8,17.4,마포구,20.1,18.0,10,83.0,158.0
2,래미안공덕5차,80C㎡,서울시 마포구 공덕동,1144010200,469,서울시 마포구 마포대로 173-15,37.550204,126.953085,794,136,17,10,233,24,933,삼성물산(주),HT001,80.8,59.97,74,3,2,14,계단식,,,,,,,,,190458,198803,,,,,,,,,서울아현초등학교,B100001998,서울특별시 마포구 아현동 267-2,공립,단설,19250402,서울특별시교육청,http://ahyun.sen.es.kr,20230531,18.0,19.4,343,318,20230531,8,46,8,6,5,4,5,4,161,130,95,90,96,,2,6,32,661,1,4,0,0,20230531,12,,0,0.0,20230531,직영,3377,661,383047000,37.55583262,126.95624413,1144010100,서울시,19.8,17.4,마포구,20.1,18.0,10,83.0,158.0
3,래미안공덕5차,81㎡,서울시 마포구 공덕동,1144010200,469,서울시 마포구 마포대로 173-15,37.550204,126.953085,794,136,17,10,233,24,933,삼성물산(주),HT001,81.57,59.95,73,3,2,235,계단식,,,,,,,,,190407,198750,13억,"13억 5,000",7억,"7억 3,000",,,,,서울아현초등학교,B100001998,서울특별시 마포구 아현동 267-2,공립,단설,19250402,서울특별시교육청,http://ahyun.sen.es.kr,20230531,18.0,19.4,343,318,20230531,8,46,8,6,5,4,5,4,161,130,95,90,96,,2,6,32,661,1,4,0,0,20230531,12,,0,0.0,20230531,직영,3377,661,383047000,37.55583262,126.95624413,1144010100,서울시,19.8,17.4,마포구,20.1,18.0,10,83.0,158.0
4,래미안공덕5차,112C㎡,서울시 마포구 공덕동,1144010200,469,서울시 마포구 마포대로 173-15,37.550204,126.953085,794,136,17,10,233,24,933,삼성물산(주),HT001,112.66,84.87,75,3,2,155,계단식,,,,,,,,,269518,281327,,16억,,"8억 3,000",,,,,서울아현초등학교,B100001998,서울특별시 마포구 아현동 267-2,공립,단설,19250402,서울특별시교육청,http://ahyun.sen.es.kr,20230531,18.0,19.4,343,318,20230531,8,46,8,6,5,4,5,4,161,130,95,90,96,,2,6,32,661,1,4,0,0,20230531,12,,0,0.0,20230531,직영,3377,661,383047000,37.55583262,126.95624413,1144010100,서울시,19.8,17.4,마포구,20.1,18.0,10,83.0,158.0
5,래미안공덕5차,112A㎡,서울시 마포구 공덕동,1144010200,469,서울시 마포구 마포대로 173-15,37.550204,126.953085,794,136,17,10,233,24,933,삼성물산(주),HT001,112.91,84.85,75,3,2,68,계단식,,,,,,,,,269455,281261,"15억 5,000",17억,,"8억 5,000","2억 5,000/236",7억/65,"2억 5,000/236",7억/65,서울아현초등학교,B100001998,서울특별시 마포구 아현동 267-2,공립,단설,19250402,서울특별시교육청,http://ahyun.sen.es.kr,20230531,18.0,19.4,343,318,20230531,8,46,8,6,5,4,5,4,161,130,95,90,96,,2,6,32,661,1,4,0,0,20230531,12,,0,0.0,20230531,직영,3377,661,383047000,37.55583262,126.95624413,1144010100,서울시,19.8,17.4,마포구,20.1,18.0,10,83.0,158.0
6,래미안공덕5차,112D㎡,서울시 마포구 공덕동,1144010200,469,서울시 마포구 마포대로 173-15,37.550204,126.953085,794,136,17,10,233,24,933,삼성물산(주),HT001,112.07,84.85,76,3,2,34,계단식,,,,,,,,,269480,281288,,,,,,,,,서울아현초등학교,B100001998,서울특별시 마포구 아현동 267-2,공립,단설,19250402,서울특별시교육청,http://ahyun.sen.es.kr,20230531,18.0,19.4,343,318,20230531,8,46,8,6,5,4,5,4,161,130,95,90,96,,2,6,32,661,1,4,0,0,20230531,12,,0,0.0,20230531,직영,3377,661,383047000,37.55583262,126.95624413,1144010100,서울시,19.8,17.4,마포구,20.1,18.0,10,83.0,158.0
7,래미안공덕5차,112B㎡,서울시 마포구 공덕동,1144010200,469,서울시 마포구 마포대로 173-15,37.550204,126.953085,794,136,17,10,233,24,933,삼성물산(주),HT001,112.91,84.85,75,3,2,26,계단식,,,,,,,,,269455,281261,"15억 5,000","16억 1,000",,,,,,,서울아현초등학교,B100001998,서울특별시 마포구 아현동 267-2,공립,단설,19250402,서울특별시교육청,http://ahyun.sen.es.kr,20230531,18.0,19.4,343,318,20230531,8,46,8,6,5,4,5,4,161,130,95,90,96,,2,6,32,661,1,4,0,0,20230531,12,,0,0.0,20230531,직영,3377,661,383047000,37.55583262,126.95624413,1144010100,서울시,19.8,17.4,마포구,20.1,18.0,10,83.0,158.0
8,래미안공덕5차,151,서울시 마포구 공덕동,1144010200,469,서울시 마포구 마포대로 173-15,37.550204,126.953085,794,136,17,10,233,24,933,삼성물산(주),HT001,151.07,113.86,75,4,2,62,계단식,,,,,,,,,361596,377439,,,,12억,,,,,서울아현초등학교,B100001998,서울특별시 마포구 아현동 267-2,공립,단설,19250402,서울특별시교육청,http://ahyun.sen.es.kr,20230531,18.0,19.4,343,318,20230531,8,46,8,6,5,4,5,4,161,130,95,90,96,,2,6,32,661,1,4,0,0,20230531,12,,0,0.0,20230531,직영,3377,661,383047000,37.55583262,126.95624413,1144010100,서울시,19.8,17.4,마포구,20.1,18.0,10,83.0,158.0
0,로즈빌,66㎡,서울시 마포구 공덕동,1144010200,111-7,서울시 마포구 임정로25길 21,37.54704,126.959765,28,0,7,7,199,34,30,소명종합건설주식회사,HT001,66.07,58.64,89,3,1,1,계단식,132300,377370,26460,218610,0,0,0,,,,,,,,,,,,서울소의초등학교,B100001992,서울특별시 마포구 아현동 386-1,공립,단설,19330501,서울특별시교육청,http://soeui.sen.es.kr,20230531,17.5,20.4,227,223,20230531,4,32,4,4,3,3,4,3,80,82,69,67,83,,1,7,21,450,3,2,0,0,20230531,10,,0,0.0,20230531,직영,3377,531,584364000,37.55221087,126.96082108,1144010100,서울시,19.8,17.4,마포구,20.1,18.0,12,62.0,112.0
1,로즈빌,68㎡,서울시 마포구 공덕동,1144010200,111-7,서울시 마포구 임정로25길 21,37.54704,126.959765,28,0,7,7,199,34,30,소명종합건설주식회사,HT001,68.06,60.83,89,3,1,1,계단식,85200,263520,17040,161280,0,0,0,,,,,,,,,,,,서울소의초등학교,B100001992,서울특별시 마포구 아현동 386-1,공립,단설,19330501,서울특별시교육청,http://soeui.sen.es.kr,20230531,17.5,20.4,227,223,20230531,4,32,4,4,3,3,4,3,80,82,69,67,83,,1,7,21,450,3,2,0,0,20230531,10,,0,0.0,20230531,직영,3377,531,584364000,37.55221087,126.96082108,1144010100,서울시,19.8,17.4,마포구,20.1,18.0,12,62.0,112.0
2,로즈빌,85㎡,서울시 마포구 공덕동,1144010200,111-7,서울시 마포구 임정로25길 21,37.54704,126.959765,28,0,7,7,199,34,30,소명종합건설주식회사,HT001,85.68,76.04,89,3,2,1,계단식,203400,512460,40680,268380,0,0,0,,,,,,,,,,,,서울소의초등학교,B100001992,서울특별시 마포구 아현동 386-1,공립,단설,19330501,서울특별시교육청,http://soeui.sen.es.kr,20230531,17.5,20.4,227,223,20230531,4,32,4,4,3,3,4,3,80,82,69,67,83,,1,7,21,450,3,2,0,0,20230531,10,,0,0.0,20230531,직영,3377,531,584364000,37.55221087,126.96082108,1144010100,서울시,19.8,17.4,마포구,20.1,18.0,12,62.0,112.0
3,로즈빌,90㎡,서울시 마포구 공덕동,1144010200,111-7,서울시 마포구 임정로25길 21,37.54704,126.959765,28,0,7,7,199,34,30,소명종합건설주식회사,HT001,90.57,80.38,89,3,2,1,계단식,212400,529560,42480,274680,0,0,0,,,,,,,,,,,,서울소의초등학교,B100001992,서울특별시 마포구 아현동 386-1,공립,단설,19330501,서울특별시교육청,http://soeui.sen.es.kr,20230531,17.5,20.4,227,223,20230531,4,32,4,4,3,3,4,3,80,82,69,67,83,,1,7,21,450,3,2,0,0,20230531,10,,0,0.0,20230531,직영,3377,531,584364000,37.55221087,126.96082108,1144010100,서울시,19.8,17.4,마포구,20.1,18.0,12,62.0,112.0
4,로즈빌,95C㎡,서울시 마포구 공덕동,1144010200,111-7,서울시 마포구 임정로25길 21,37.54704,126.959765,28,0,7,7,199,34,30,소명종합건설주식회사,HT001,95.09,84.98,89,3,2,13,계단식,222300,548370,44460,281610,0,0,0,,,,,"9억 7,000",,,,,,,서울소의초등학교,B100001992,서울특별시 마포구 아현동 386-1,공립,단설,19330501,서울특별시교육청,http://soeui.sen.es.kr,20230531,17.5,20.4,227,223,20230531,4,32,4,4,3,3,4,3,80,82,69,67,83,,1,7,21,450,3,2,0,0,20230531,10,,0,0.0,20230531,직영,3377,531,584364000,37.55221087,126.96082108,1144010100,서울시,19.8,17.4,마포구,20.1,18.0,12,62.0,112.0
5,로즈빌,95A㎡,서울시 마포구 공덕동,1144010200,111-7,서울시 마포구 임정로25길 21,37.54704,126.959765,28,0,7,7,199,34,30,소명종합건설주식회사,HT001,95.45,84.72,89,3,2,7,계단식,271800,642420,54360,316260,0,0,0,,,,,,,,,,,,서울소의초등학교,B100001992,서울특별시 마포구 아현동 386-1,공립,단설,19330501,서울특별시교육청,http://soeui.sen.es.kr,20230531,17.5,20.4,227,223,20230531,4,32,4,4,3,3,4,3,80,82,69,67,83,,1,7,21,450,3,2,0,0,20230531,10,,0,0.0,20230531,직영,3377,531,584364000,37.55221087,126.96082108,1144010100,서울시,19.8,17.4,마포구,20.1,18.0,12,62.0,112.0
6,로즈빌,95B,서울시 마포구 공덕동,1144010200,111-7,서울시 마포구 임정로25길 21,37.54704,126.959765,28,0,7,7,199,34,30,소명종합건설주식회사,HT001,95.72,84.96,89,3,2,4,계단식,263700,627030,52740,310590,0,0,0,,,,,,,,,,,,서울소의초등학교,B100001992,서울특별시 마포구 아현동 386-1,공립,단설,19330501,서울특별시교육청,http://soeui.sen.es.kr,20230531,17.5,20.4,227,223,20230531,4,32,4,4,3,3,4,3,80,82,69,67,83,,1,7,21,450,3,2,0,0,20230531,10,,0,0.0,20230531,직영,3377,531,584364000,37.55221087,126.96082108,1144010100,서울시,19.8,17.4,마포구,20.1,18.0,12,62.0,112.0
0,롯데캐슬프레지던트(주상복합),256A㎡,서울시 마포구 공덕동,1144010200,467,서울시 마포구 마포대로 109,37.545072,126.950464,114,0,40,36,0,40,1127,롯데건설,HT001,256.55,191.87,75,3,3,52,계단식,2667600,4355280,533520,1154160,2547648,2123040,424608,,,,23억,28억,,17억,2억/700,9억/500,2억/700,9억/500,서울공덕초등학교,B100001970,서울특별시 마포구 공덕동 256-4,공립,단설,19440411,서울특별시교육청,http://kongduck.sen.es.kr,20230531,19.4,21.3,369,355,20230531,2,51,6,6,6,5,5,4,129,126,129,111,124,,2,12,32,724,4,1,0,0,20230531,8,,0,0.0,20230531,직영,3385,749,774801000,37.54572846,126.95409379,1144010200,서울시,19.8,17.4,마포구,20.1,18.0,5,93.0,111.0
1,롯데캐슬프레지던트(주상복합),257B㎡,서울시 마포구 공덕동,1144010200,467,서울시 마포구 마포대로 109,37.545072,126.950464,114,0,40,36,0,40,1127,롯데건설,HT001,257.14,191.53,74,3,3,52,계단식,2633400,4302270,526680,1142190,2462832,2052360,410472,,,,,30억,,16억,9억/450,10억/300,9억/450,10억/300,서울공덕초등학교,B100001970,서울특별시 마포구 공덕동 256-4,공립,단설,19440411,서울특별시교육청,http://kongduck.sen.es.kr,20230531,19.4,21.3,369,355,20230531,2,51,6,6,6,5,5,4,129,126,129,111,124,,2,12,32,724,4,1,0,0,20230531,8,,0,0.0,20230531,직영,3385,749,774801000,37.54572846,126.95409379,1144010200,서울시,19.8,17.4,마포구,20.1,18.0,5,93.0,111.0
2,롯데캐슬프레지던트(주상복합),307㎡,서울시 마포구 공덕동,1144010200,467,서울시 마포구 마포대로 109,37.545072,126.950464,114,0,40,36,0,40,1127,롯데건설,HT001,307.5,231.07,75,4,3,6,계단식,4078800,6542640,815760,1648080,7533504,6277920,1255584,,,,,,,,,,,,서울공덕초등학교,B100001970,서울특별시 마포구 공덕동 256-4,공립,단설,19440411,서울특별시교육청,http://kongduck.sen.es.kr,20230531,19.4,21.3,369,355,20230531,2,51,6,6,6,5,5,4,129,126,129,111,124,,2,12,32,724,4,1,0,0,20230531,8,,0,0.0,20230531,직영,3385,749,774801000,37.54572846,126.95409379,1144010200,서울시,19.8,17.4,마포구,20.1,18.0,5,93.0,111.0
3,롯데캐슬프레지던트(주상복합),330A㎡,서울시 마포구 공덕동,1144010200,467,서울시 마포구 마포대로 109,37.545072,126.950464,114,0,40,36,0,40,1127,롯데건설,HT001,330.85,245.39,74,4,3,2,계단식,5351400,8515170,1070280,2093490,13367952,11139960,2227992,,,,,,,,,,,,서울공덕초등학교,B100001970,서울특별시 마포구 공덕동 256-4,공립,단설,19440411,서울특별시교육청,http://kongduck.sen.es.kr,20230531,19.4,21.3,369,355,20230531,2,51,6,6,6,5,5,4,129,126,129,111,124,,2,12,32,724,4,1,0,0,20230531,8,,0,0.0,20230531,직영,3385,749,774801000,37.54572846,126.95409379,1144010200,서울시,19.8,17.4,마포구,20.1,18.0,5,93.0,111.0
4,롯데캐슬프레지던트(주상복합),330B,서울시 마포구 공덕동,1144010200,467,서울시 마포구 마포대로 109,37.545072,126.950464,114,0,40,36,0,40,1127,롯데건설,HT001,330.94,245.73,74,4,3,2,계단식,5351400,8515170,1070280,2093490,13367952,11139960,2227992,,,,,55억,,,,,,,서울공덕초등학교,B100001970,서울특별시 마포구 공덕동 256-4,공립,단설,19440411,서울특별시교육청,http://kongduck.sen.es.kr,20230531,19.4,21.3,369,355,20230531,2,51,6,6,6,5,5,4,129,126,129,111,124,,2,12,32,724,4,1,0,0,20230531,8,,0,0.0,20230531,직영,3385,749,774801000,37.54572846,126.95409379,1144010200,서울시,19.8,17.4,마포구,20.1,18.0,5,93.0,111.0
0,마포공덕파크팰리스Ⅱ(주상복합),150㎡,서울시 마포구 공덕동,1144010200,462,서울시 마포구 마포대로 143,37.547383,126.952932,50,0,21,17,489,52,203,경남기업(주),HT001,150.23,119.07,79,3,2,18,계단식,,,,,,,,,,,,,,,,,,,서울공덕초등학교,B100001970,서울특별시 마포구 공덕동 256-4,공립,단설,19440411,서울특별시교육청,http://kongduck.sen.es.kr,20230531,19.4,21.3,369,355,20230531,2,51,6,6,6,5,5,4,129,126,129,111,124,,2,12,32,724,4,1,0,0,20230531,8,,0,0.0,20230531,직영,3385,749,774801000,37.54572846,126.95409379,1144010200,서울시,19.8,17.4,마포구,20.1,18.0,4,93.0,111.0
1,마포공덕파크팰리스Ⅱ(주상복합),158㎡,서울시 마포구 공덕동,1144010200,462,서울시 마포구 마포대로 143,37.547383,126.952932,50,0,21,17,489,52,203,경남기업(주),HT001,158.14,125.33,79,3,2,14,계단식,,,,,,,,,,,,,,,,,,,서울공덕초등학교,B100001970,서울특별시 마포구 공덕동 256-4,공립,단설,19440411,서울특별시교육청,http://kongduck.sen.es.kr,20230531,19.4,21.3,369,355,20230531,2,51,6,6,6,5,5,4,129,126,129,111,124,,2,12,32,724,4,1,0,0,20230531,8,,0,0.0,20230531,직영,3385,749,774801000,37.54572846,126.95409379,1144010200,서울시,19.8,17.4,마포구,20.1,18.0,4,93.0,111.0
2,마포공덕파크팰리스Ⅱ(주상복합),178,서울시 마포구 공덕동,1144010200,462,서울시 마포구 마포대로 143,37.547383,126.952932,50,0,21,17,489,52,203,경남기업(주),HT001,178.48,141.46,79,4,2,18,계단식,,,,,,,,,,,,17억,10억,"11억 5,000",9억/50,10억/80,9억/50,10억/80,서울공덕초등학교,B100001970,서울특별시 마포구 공덕동 256-4,공립,단설,19440411,서울특별시교육청,http://kongduck.sen.es.kr,20230531,19.4,21.3,369,355,20230531,2,51,6,6,6,5,5,4,129,126,129,111,124,,2,12,32,724,4,1,0,0,20230531,8,,0,0.0,20230531,직영,3385,749,774801000,37.54572846,126.95409379,1144010200,서울시,19.8,17.4,마포구,20.1,18.0,4,93.0,111.0
0,마포공덕한화꿈에그린,109A㎡,서울시 마포구 공덕동,1144010200,460,서울시 마포구 마포대로10길 22,37.547216,126.955424,192,0,15,7,218,21,239,(주)한화건설,HT001,109.94,84.93,77,3,2,165,계단식,1186200,2059110,237240,635670,0,0,0,,252563,257423,14억,"14억 3,000",,,,,,,서울공덕초등학교,B100001970,서울특별시 마포구 공덕동 256-4,공립,단설,19440411,서울특별시교육청,http://kongduck.sen.es.kr,20230531,19.4,21.3,369,355,20230531,2,51,6,6,6,5,5,4,129,126,129,111,124,,2,12,32,724,4,1,0,0,20230531,8,,0,0.0,20230531,직영,3385,749,774801000,37.54572846,126.95409379,1144010200,서울시,19.8,17.4,마포구,20.1,18.0,2,93.0,111.0
1,마포공덕한화꿈에그린,110B㎡,서울시 마포구 공덕동,1144010200,460,서울시 마포구 마포대로10길 22,37.547216,126.955424,192,0,15,7,218,21,239,(주)한화건설,HT001,110.12,84.97,77,3,2,1,계단식,1125000,1964250,225000,614250,0,0,0,,252673,257535,,,,,,,,,서울공덕초등학교,B100001970,서울특별시 마포구 공덕동 256-4,공립,단설,19440411,서울특별시교육청,http://kongduck.sen.es.kr,20230531,19.4,21.3,369,355,20230531,2,51,6,6,6,5,5,4,129,126,129,111,124,,2,12,32,724,4,1,0,0,20230531,8,,0,0.0,20230531,직영,3385,749,774801000,37.54572846,126.95409379,1144010200,서울시,19.8,17.4,마포구,20.1,18.0,2,93.0,111.0
2,마포공덕한화꿈에그린,139,서울시 마포구 공덕동,1144010200,460,서울시 마포구 마포대로10길 22,37.547216,126.955424,192,0,15,7,218,21,239,(주)한화건설,HT001,139.41,113.66,82,4,2,26,계단식,1423800,2427390,284760,718830,123984,103320,20664,,337984,344488,,,,,,,,,서울공덕초등학교,B100001970,서울특별시 마포구 공덕동 256-4,공립,단설,19440411,서울특별시교육청,http://kongduck.sen.es.kr,20230531,19.4,21.3,369,355,20230531,2,51,6,6,6,5,5,4,129,126,129,111,124,,2,12,32,724,4,1,0,0,20230531,8,,0,0.0,20230531,직영,3385,749,774801000,37.54572846,126.95409379,1144010200,서울시,19.8,17.4,마포구,20.1,18.0,2,93.0,111.0
0,마포현대,72A㎡,서울시 마포구 공덕동,1144010200,188-108,서울시 마포구 마포대로11길 84,37.549987,126.949893,480,0,16,5,196,17,384,현대건설,HT001,72.02,54.81,76,2,1,53,복도식,405000,895500,81000,409500,0,0,0,,127213,129990,"9억 5,000",11억,,"3억 5,000",,,,,서울공덕초등학교,B100001970,서울특별시 마포구 공덕동 256-4,공립,단설,19440411,서울특별시교육청,http://kongduck.sen.es.kr,20230531,19.4,21.3,369,355,20230531,2,51,6,6,6,5,5,4,129,126,129,111,124,,2,12,32,724,4,1,0,0,20230531,8,,0,0.0,20230531,직영,3385,749,774801000,37.54572846,126.95409379,1144010200,서울시,19.8,17.4,마포구,20.1,18.0,10,93.0,111.0
1,마포현대,72B㎡,서울시 마포구 공덕동,1144010200,188-108,서울시 마포구 마포대로11길 84,37.549987,126.949893,480,0,16,5,196,17,384,현대건설,HT001,72.34,59.34,82,2,1,10,복도식,386100,859590,77220,396270,0,0,0,,137727,140733,,,,,,,,,서울공덕초등학교,B100001970,서울특별시 마포구 공덕동 256-4,공립,단설,19440411,서울특별시교육청,http://kongduck.sen.es.kr,20230531,19.4,21.3,369,355,20230531,2,51,6,6,6,5,5,4,129,126,129,111,124,,2,12,32,724,4,1,0,0,20230531,8,,0,0.0,20230531,직영,3385,749,774801000,37.54572846,126.95409379,1144010200,서울시,19.8,17.4,마포구,20.1,18.0,10,93.0,111.0
2,마포현대,78A㎡,서울시 마포구 공덕동,1144010200,188-108,서울시 마포구 마포대로11길 84,37.549987,126.949893,480,0,16,5,196,17,384,현대건설,HT001,78.84,59.95,76,2,1,120,복도식,480375,1020600,96075,444150,0,0,0,,139143,142180,9억,"11억 5,000","3억 7,000","4억 5,000",,,,,서울공덕초등학교,B100001970,서울특별시 마포구 공덕동 256-4,공립,단설,19440411,서울특별시교육청,http://kongduck.sen.es.kr,20230531,19.4,21.3,369,355,20230531,2,51,6,6,6,5,5,4,129,126,129,111,124,,2,12,32,724,4,1,0,0,20230531,8,,0,0.0,20230531,직영,3385,749,774801000,37.54572846,126.95409379,1144010200,서울시,19.8,17.4,마포구,20.1,18.0,10,93.0,111.0
3,마포현대,78B㎡,서울시 마포구 공덕동,1144010200,188-108,서울시 마포구 마포대로11길 84,37.549987,126.949893,480,0,16,5,196,17,384,현대건설,HT001,78.88,65.19,83,2,1,10,복도식,452025,975240,90405,432810,0,0,0,,151305,154607,,"10억 5,000",,,,,,,서울공덕초등학교,B100001970,서울특별시 마포구 공덕동 256-4,공립,단설,19440411,서울특별시교육청,http://kongduck.sen.es.kr,20230531,19.4,21.3,369,355,20230531,2,51,6,6,6,5,5,4,129,126,129,111,124,,2,12,32,724,4,1,0,0,20230531,8,,0,0.0,20230531,직영,3385,749,774801000,37.54572846,126.95409379,1144010200,서울시,19.8,17.4,마포구,20.1,18.0,10,93.0,111.0
4,마포현대,88㎡,서울시 마포구 공덕동,1144010200,188-108,서울시 마포구 마포대로11길 84,37.549987,126.949893,480,0,16,5,196,17,384,현대건설,HT001,88.12,72.49,82,3,1,56,계단식,573300,1169280,114660,481320,0,0,0,,168248,171920,,"11억 5,000",,4억,,,,,서울공덕초등학교,B100001970,서울특별시 마포구 공덕동 256-4,공립,단설,19440411,서울특별시교육청,http://kongduck.sen.es.kr,20230531,19.4,21.3,369,355,20230531,2,51,6,6,6,5,5,4,129,126,129,111,124,,2,12,32,724,4,1,0,0,20230531,8,,0,0.0,20230531,직영,3385,749,774801000,37.54572846,126.95409379,1144010200,서울시,19.8,17.4,마포구,20.1,18.0,10,93.0,111.0
5,마포현대,102A㎡,서울시 마포구 공덕동,1144010200,188-108,서울시 마포구 마포대로11길 84,37.549987,126.949893,480,0,16,5,196,17,384,현대건설,HT001,102.21,84.87,83,3,1,58,복도식,710325,1388520,142065,536130,0,0,0,,196982,201281,"12억 5,000","13억 5,000",,,,,,,서울공덕초등학교,B100001970,서울특별시 마포구 공덕동 256-4,공립,단설,19440411,서울특별시교육청,http://kongduck.sen.es.kr,20230531,19.4,21.3,369,355,20230531,2,51,6,6,6,5,5,4,129,126,129,111,124,,2,12,32,724,4,1,0,0,20230531,8,,0,0.0,20230531,직영,3385,749,774801000,37.54572846,126.95409379,1144010200,서울시,19.8,17.4,마포구,20.1,18.0,10,93.0,111.0
6,마포현대,103B,서울시 마포구 공덕동,1144010200,188-108,서울시 마포구 마포대로11길 84,37.549987,126.949893,480,0,16,5,196,17,384,현대건설,HT001,103.21,84.87,82,3,1,173,계단식,751275,1454040,150255,552510,0,0,0,,196982,201281,11억,13억,,,,,,,서울공덕초등학교,B100001970,서울특별시 마포구 공덕동 256-4,공립,단설,19440411,서울특별시교육청,http://kongduck.sen.es.kr,20230531,19.4,21.3,369,355,20230531,2,51,6,6,6,5,5,4,129,126,129,111,124,,2,12,32,724,4,1,0,0,20230531,8,,0,0.0,20230531,직영,3385,749,774801000,37.54572846,126.95409379,1144010200,서울시,19.8,17.4,마포구,20.1,18.0,10,93.0,111.0
0,벨로하우스공덕(주상복합),29㎡,서울시 마포구 공덕동,1144010200,111-201,서울시 마포구 만리재로 84,37.547878,126.958951,16,0,13,13,571,51,11,바로종합건설(주),HT001,29.16,24.35,84,1,1,4,계단식,,,,,,,,,,,,,,"2억 7,000",,,,,서울소의초등학교,B100001992,서울특별시 마포구 아현동 386-1,공립,단설,19330501,서울특별시교육청,http://soeui.sen.es.kr,20230531,17.5,20.4,227,223,20230531,4,32,4,4,3,3,4,3,80,82,69,67,83,,1,7,21,450,3,2,0,0,20230531,10,,0,0.0,20230531,직영,3377,531,584364000,37.55221087,126.96082108,1144010100,서울시,19.8,17.4,마포구,20.1,18.0,8,62.0,112.0
1,벨로하우스공덕(주상복합),31A㎡,서울시 마포구 공덕동,1144010200,111-201,서울시 마포구 만리재로 84,37.547878,126.958951,16,0,13,13,571,51,11,바로종합건설(주),HT001,31.99,26.71,83,1,1,4,계단식,,,,,,,,,,,,,,,,,,,서울소의초등학교,B100001992,서울특별시 마포구 아현동 386-1,공립,단설,19330501,서울특별시교육청,http://soeui.sen.es.kr,20230531,17.5,20.4,227,223,20230531,4,32,4,4,3,3,4,3,80,82,69,67,83,,1,7,21,450,3,2,0,0,20230531,10,,0,0.0,20230531,직영,3377,531,584364000,37.55221087,126.96082108,1144010100,서울시,19.8,17.4,마포구,20.1,18.0,8,62.0,112.0
2,벨로하우스공덕(주상복합),33B㎡,서울시 마포구 공덕동,1144010200,111-201,서울시 마포구 만리재로 84,37.547878,126.958951,16,0,13,13,571,51,11,바로종합건설(주),HT001,33.98,28.38,84,3,2,4,계단식,,,,,,,,,,,,,,,,,,,서울소의초등학교,B100001992,서울특별시 마포구 아현동 386-1,공립,단설,19330501,서울특별시교육청,http://soeui.sen.es.kr,20230531,17.5,20.4,227,223,20230531,4,32,4,4,3,3,4,3,80,82,69,67,83,,1,7,21,450,3,2,0,0,20230531,10,,0,0.0,20230531,직영,3377,531,584364000,37.55221087,126.96082108,1144010100,서울시,19.8,17.4,마포구,20.1,18.0,8,62.0,112.0
3,벨로하우스공덕(주상복합),35,서울시 마포구 공덕동,1144010200,111-201,서울시 마포구 만리재로 84,37.547878,126.958951,16,0,13,13,571,51,11,바로종합건설(주),HT001,35.69,29.8,83,3,2,4,계단식,,,,,,,,,,,,,,,,,,,서울소의초등학교,B100001992,서울특별시 마포구 아현동 386-1,공립,단설,19330501,서울특별시교육청,http://soeui.sen.es.kr,20230531,17.5,20.4,227,223,20230531,4,32,4,4,3,3,4,3,80,82,69,67,83,,1,7,21,450,3,2,0,0,20230531,10,,0,0.0,20230531,직영,3377,531,584364000,37.55221087,126.96082108,1144010100,서울시,19.8,17.4,마포구,20.1,18.0,8,62.0,112.0
0,삼성래미안공덕2차,80㎡,서울시 마포구 공덕동,1144010200,43,서울시 마포구 마포대로20길 26,37.551425,126.959734,683,0,20,17,251,17,1102,삼성물산(주),HT001,80.89,59.97,74,3,2,160,계단식,1045800,1841490,209160,586530,0,0,0,,,,"11억 5,000","12억 5,000",,"5억 9,000",,,,,서울소의초등학교,B100001992,서울특별시 마포구 아현동 386-1,공립,단설,19330501,서울특별시교육청,http://soeui.sen.es.kr,20230531,17.5,20.4,227,223,20230531,4,32,4,4,3,3,4,3,80,82,69,67,83,,1,7,21,450,3,2,0,0,20230531,10,,0,0.0,20230531,직영,3377,531,584364000,37.55221087,126.96082108,1144010100,서울시,19.8,17.4,마포구,20.1,18.0,3,62.0,112.0
1,삼성래미안공덕2차,110㎡,서울시 마포구 공덕동,1144010200,43,서울시 마포구 마포대로20길 26,37.551425,126.959734,683,0,20,17,251,17,1102,삼성물산(주),HT001,110.35,84.94,77,3,2,372,계단식,1315800,2259990,263160,681030,0,0,0,,,,13억,14억,"6억 2,000",7억,,4억/130,,4억/130,서울소의초등학교,B100001992,서울특별시 마포구 아현동 386-1,공립,단설,19330501,서울특별시교육청,http://soeui.sen.es.kr,20230531,17.5,20.4,227,223,20230531,4,32,4,4,3,3,4,3,80,82,69,67,83,,1,7,21,450,3,2,0,0,20230531,10,,0,0.0,20230531,직영,3377,531,584364000,37.55221087,126.96082108,1144010100,서울시,19.8,17.4,마포구,20.1,18.0,3,62.0,112.0
2,삼성래미안공덕2차,144,서울시 마포구 공덕동,1144010200,43,서울시 마포구 마포대로20길 26,37.551425,126.959734,683,0,20,17,251,17,1102,삼성물산(주),HT001,144.17,114.87,80,4,2,151,계단식,1434600,2444130,286920,722610,142128,118440,23688,,,,"15억 5,000","16억 5,000",,8억,,,,,서울소의초등학교,B100001992,서울특별시 마포구 아현동 386-1,공립,단설,19330501,서울특별시교육청,http://soeui.sen.es.kr,20230531,17.5,20.4,227,223,20230531,4,32,4,4,3,3,4,3,80,82,69,67,83,,1,7,21,450,3,2,0,0,20230531,10,,0,0.0,20230531,직영,3377,531,584364000,37.55221087,126.96082108,1144010100,서울시,19.8,17.4,마포구,20.1,18.0,3,62.0,112.0
0,솔리스타(도시형),19C㎡,서울시 마포구 공덕동,1144010200,30-10,서울시 마포구 만리재로 113,37.550243,126.960486,66,0,17,16,638,59,33,(주)도시공감,HT001,19.69,14.29,73,1,1,54,복도식,,,,,,,,,,,"1억 7,000","1억 8,000",,,,"1억 5,000/15",,"1억 5,000/15",서울소의초등학교,B100001992,서울특별시 마포구 아현동 386-1,공립,단설,19330501,서울특별시교육청,http://soeui.sen.es.kr,20230531,17.5,20.4,227,223,20230531,4,32,4,4,3,3,4,3,80,82,69,67,83,,1,7,21,450,3,2,0,0,20230531,10,,0,0.0,20230531,직영,3377,531,584364000,37.55221087,126.96082108,1144010100,서울시,19.8,17.4,마포구,20.1,18.0,6,62.0,112.0
1,솔리스타(도시형),23D㎡,서울시 마포구 공덕동,1144010200,30-10,서울시 마포구 만리재로 113,37.550243,126.960486,66,0,17,16,638,59,33,(주)도시공감,HT001,23.44,16.99,72,1,1,8,복도식,,,,,,,,,,,,,,,,,,,서울소의초등학교,B100001992,서울특별시 마포구 아현동 386-1,공립,단설,19330501,서울특별시교육청,http://soeui.sen.es.kr,20230531,17.5,20.4,227,223,20230531,4,32,4,4,3,3,4,3,80,82,69,67,83,,1,7,21,450,3,2,0,0,20230531,10,,0,0.0,20230531,직영,3377,531,584364000,37.55221087,126.96082108,1144010100,서울시,19.8,17.4,마포구,20.1,18.0,6,62.0,112.0
2,솔리스타(도시형),39E,서울시 마포구 공덕동,1144010200,30-10,서울시 마포구 만리재로 113,37.550243,126.960486,66,0,17,16,638,59,33,(주)도시공감,HT001,39.4,28.59,73,1,1,4,복도식,,,,,,,,,,,,"3억 3,000",,,,,,,서울소의초등학교,B100001992,서울특별시 마포구 아현동 386-1,공립,단설,19330501,서울특별시교육청,http://soeui.sen.es.kr,20230531,17.5,20.4,227,223,20230531,4,32,4,4,3,3,4,3,80,82,69,67,83,,1,7,21,450,3,2,0,0,20230531,10,,0,0.0,20230531,직영,3377,531,584364000,37.55221087,126.96082108,1144010100,서울시,19.8,17.4,마포구,20.1,18.0,6,62.0,112.0
0,헤이븐(주상복합),22A㎡,서울시 마포구 공덕동,1144010200,17-67,서울시 마포구 만리재로 99,37.549161,126.959552,19,0,19,18,649,51,9,정우씨앤디주식회사,HT001,22.36,16.55,74,1,1,10,계단식,,,,,,,,,,,"1억 7,000",2억,,,,,,,서울소의초등학교,B100001992,서울특별시 마포구 아현동 386-1,공립,단설,19330501,서울특별시교육청,http://soeui.sen.es.kr,20230531,17.5,20.4,227,223,20230531,4,32,4,4,3,3,4,3,80,82,69,67,83,,1,7,21,450,3,2,0,0,20230531,10,,0,0.0,20230531,직영,3377,531,584364000,37.55221087,126.96082108,1144010100,서울시,19.8,17.4,마포구,20.1,18.0,7,62.0,112.0
1,헤이븐(주상복합),25B㎡,서울시 마포구 공덕동,1144010200,17-67,서울시 마포구 만리재로 99,37.549161,126.959552,19,0,19,18,649,51,9,정우씨앤디주식회사,HT001,25.7,19.03,74,1,1,5,계단식,,,,,,,,,,,,"1억 9,000",,,,,,,서울소의초등학교,B100001992,서울특별시 마포구 아현동 386-1,공립,단설,19330501,서울특별시교육청,http://soeui.sen.es.kr,20230531,17.5,20.4,227,223,20230531,4,32,4,4,3,3,4,3,80,82,69,67,83,,1,7,21,450,3,2,0,0,20230531,10,,0,0.0,20230531,직영,3377,531,584364000,37.55221087,126.96082108,1144010100,서울시,19.8,17.4,마포구,20.1,18.0,7,62.0,112.0
2,헤이븐(주상복합),26C㎡,서울시 마포구 공덕동,1144010200,17-67,서울시 마포구 만리재로 99,37.549161,126.959552,19,0,19,18,649,51,9,정우씨앤디주식회사,HT001,26.19,19.39,74,1,1,2,계단식,,,,,,,,,,,,,,,,,,,서울소의초등학교,B100001992,서울특별시 마포구 아현동 386-1,공립,단설,19330501,서울특별시교육청,http://soeui.sen.es.kr,20230531,17.5,20.4,227,223,20230531,4,32,4,4,3,3,4,3,80,82,69,67,83,,1,7,21,450,3,2,0,0,20230531,10,,0,0.0,20230531,직영,3377,531,584364000,37.55221087,126.96082108,1144010100,서울시,19.8,17.4,마포구,20.1,18.0,7,62.0,112.0
3,헤이븐(주상복합),102D㎡,서울시 마포구 공덕동,1144010200,17-67,서울시 마포구 만리재로 99,37.549161,126.959552,19,0,19,18,649,51,9,정우씨앤디주식회사,HT001,102.87,76.16,74,3,2,1,계단식,,,,,,,,,,,,,,,,,,,서울소의초등학교,B100001992,서울특별시 마포구 아현동 386-1,공립,단설,19330501,서울특별시교육청,http://soeui.sen.es.kr,20230531,17.5,20.4,227,223,20230531,4,32,4,4,3,3,4,3,80,82,69,67,83,,1,7,21,450,3,2,0,0,20230531,10,,0,0.0,20230531,직영,3377,531,584364000,37.55221087,126.96082108,1144010100,서울시,19.8,17.4,마포구,20.1,18.0,7,62.0,112.0
4,헤이븐(주상복합),107E,서울시 마포구 공덕동,1144010200,17-67,서울시 마포구 만리재로 99,37.549161,126.959552,19,0,19,18,649,51,9,정우씨앤디주식회사,HT001,107.16,79.33,74,3,2,1,계단식,,,,,,,,,,,,,,,,,,,서울소의초등학교,B100001992,서울특별시 마포구 아현동 386-1,공립,단설,19330501,서울특별시교육청,http://soeui.sen.es.kr,20230531,17.5,20.4,227,223,20230531,4,32,4,4,3,3,4,3,80,82,69,67,83,,1,7,21,450,3,2,0,0,20230531,10,,0,0.0,20230531,직영,3377,531,584364000,37.55221087,126.96082108,1144010100,서울시,19.8,17.4,마포구,20.1,18.0,7,62.0,112.0
0,효창그린빌라트,183㎡,서울시 마포구 공덕동,1144010200,11-168,서울시 마포구 효창원로93길 18,37.548589,126.962209,16,0,9,8,205,28,25,(주)가창실업,HT001,183.03,163,89,5,3,8,계단식,337500,767250,67500,362250,0,0,0,,,,,"11억 5,000",,,,,,,서울소의초등학교,B100001992,서울특별시 마포구 아현동 386-1,공립,단설,19330501,서울특별시교육청,http://soeui.sen.es.kr,20230531,17.5,20.4,227,223,20230531,4,32,4,4,3,3,4,3,80,82,69,67,83,,1,7,21,450,3,2,0,0,20230531,10,,0,0.0,20230531,직영,3377,531,584364000,37.55221087,126.96082108,1144010100,서울시,19.8,17.4,마포구,20.1,18.0,10,62.0,112.0
1,효창그린빌라트,183㎡,서울시 마포구 공덕동,1144010200,11-168,서울시 마포구 효창원로93길 18,37.548589,126.962209,16,0,9,8,205,28,25,(주)가창실업,HT001,183.67,163.57,89,5,3,6,계단식,331200,755280,66240,357840,0,0,0,,,,,,,,,,,,서울소의초등학교,B100001992,서울특별시 마포구 아현동 386-1,공립,단설,19330501,서울특별시교육청,http://soeui.sen.es.kr,20230531,17.5,20.4,227,223,20230531,4,32,4,4,3,3,4,3,80,82,69,67,83,,1,7,21,450,3,2,0,0,20230531,10,,0,0.0,20230531,직영,3377,531,584364000,37.55221087,126.96082108,1144010100,서울시,19.8,17.4,마포구,20.1,18.0,10,62.0,112.0
2,효창그린빌라트,244,서울시 마포구 공덕동,1144010200,11-168,서울시 마포구 효창원로93길 18,37.548589,126.962209,16,0,9,8,205,28,25,(주)가창실업,HT001,244.28,217.55,89,3,2,2,계단식,628425,1257480,125685,503370,0,0,0,,,,,,,,,,,,서울소의초등학교,B100001992,서울특별시 마포구 아현동 386-1,공립,단설,19330501,서울특별시교육청,http://soeui.sen.es.kr,20230531,17.5,20.4,227,223,20230531,4,32,4,4,3,3,4,3,80,82,69,67,83,,1,7,21,450,3,2,0,0,20230531,10,,0,0.0,20230531,직영,3377,531,584364000,37.55221087,126.96082108,1144010100,서울시,19.8,17.4,마포구,20.1,18.0,10,62.0,112.0
