,아파트명,면적,법정동주소,b_code,지번주소,도로명주소,latitude,longitude,세대수,임대세대수,최고층,최저층,용적률,건폐율,주차대수,건설사,난방,공급면적,전용면적,전용율,방수,욕실수,해당면적_세대수,현관구조,재산세,재산세합계,지방교육세,재산세_도시지역분,종합부동산세,결정세액,농어촌특별세,가격,겨울관리비,여름관리비,최소_매매호가,최대_매매호가,최소_전세호가,최대_전세호가,최소_월세호가,최대_월세호가,최소_실거래가,최대_실거래가,초등학교_학군정보,초등학교_설립정보,초등학교_남학생수,초등학교_여학생수,학교명,학교코드,학교주소,학교유형,설립유형,설립일자,교육청,홈페이지,학생_통계_기준일,교사당_학생_수,교실당_학생_수,남학생_수,여학생_수,교직원_통계_기준일,남교사_수,여교사_수,1학년_교실_수,2학년_교실_수,3학년_교실_수,4학년_교실_수,5학년_교실_수,6학년_교실_수,1학년_학생_수,2학년_학생_수,3학년_학생_수,4학년_학생_수,5학년_학생_수,6학년 학생 수,특수_교실_수,특수_교실_학생_수,총_교실_수,총_학생_수,남성_교직원_수,여성_교직원_수,내담자_상담사_수,외부_상담사_수,방과후_교실_통계_기준일,방과후 프로그램 수,방과후_학생 _수,도서관_도서_수,학생_당_도서_수,급식_서비스_통계_기준일,급식_서비스_운영_방식,급식_서비스_학생당_가격,급식_서비스_지원_학생_수,급식_서비스_연간_지원_금액,학교_위도,학교_경도,행정동_코드,시도명,평균_교실_당_학생_수(시도),평균_교사_당_학생_수(시도),구군명,평균_교실_당_학생_수(구군),평균_교사_당_학생_수(구군),도보_이동_시간(분)
0,DMC금호리첸시아,27㎡,서울시 서대문구 남가좌동,1141012000,286-1,서울시 서대문구 수색로2길 39,37.570789,126.916165,450,0,29,23,472,0,550,금호산업(주),HT005,27.09,16.03,59,1,1,10,계단식,,,,,,,,,61759,39379,,,,,,,,,,,,,서울가재울초등학교,B100005597,서울특별시 서대문구 남가좌동 164-1,혁신,단설,20160301,서울특별시교육청,http://gajaeul.sen.es.kr,20230531,20.4,26.2,892.0,840.0,20230531,11.0,87.0,10.0,11.0,11.0,11.0,12.0,9.0,261.0,293.0,312.0,289.0,311.0,252.0,2.0,14.0,64.0,1732.0,5.0,2.0,0.0,0.0,20230531,49.0,351.0,0.0,0.0,20230531,직영,3347.0,1732.0,1677396000.0,37.5736532,126.9185796,1141012000,서울시,19.8,17.4,서대문구,19.8,17.1,5.0
1,DMC금호리첸시아,83A㎡,서울시 서대문구 남가좌동,1141012000,286-1,서울시 서대문구 수색로2길 39,37.570789,126.916165,450,0,29,23,472,0,550,금호산업(주),HT005,83.78,59.82,71,3,2,75,계단식,,,,,,,,,230467,146953,,,,6억,,,,,,,,,서울가재울초등학교,B100005597,서울특별시 서대문구 남가좌동 164-1,혁신,단설,20160301,서울특별시교육청,http://gajaeul.sen.es.kr,20230531,20.4,26.2,892.0,840.0,20230531,11.0,87.0,10.0,11.0,11.0,11.0,12.0,9.0,261.0,293.0,312.0,289.0,311.0,252.0,2.0,14.0,64.0,1732.0,5.0,2.0,0.0,0.0,20230531,49.0,351.0,0.0,0.0,20230531,직영,3347.0,1732.0,1677396000.0,37.5736532,126.9185796,1141012000,서울시,19.8,17.4,서대문구,19.8,17.1,5.0
2,DMC금호리첸시아,84B㎡,서울시 서대문구 남가좌동,1141012000,286-1,서울시 서대문구 수색로2길 39,37.570789,126.916165,450,0,29,23,472,0,550,금호산업(주),HT005,84.67,59.97,71,3,2,75,계단식,,,,,,,,,231036,147316,,"10억 5,000",,,,,,,,,,,서울가재울초등학교,B100005597,서울특별시 서대문구 남가좌동 164-1,혁신,단설,20160301,서울특별시교육청,http://gajaeul.sen.es.kr,20230531,20.4,26.2,892.0,840.0,20230531,11.0,87.0,10.0,11.0,11.0,11.0,12.0,9.0,261.0,293.0,312.0,289.0,311.0,252.0,2.0,14.0,64.0,1732.0,5.0,2.0,0.0,0.0,20230531,49.0,351.0,0.0,0.0,20230531,직영,3347.0,1732.0,1677396000.0,37.5736532,126.9185796,1141012000,서울시,19.8,17.4,서대문구,19.8,17.1,5.0
3,DMC금호리첸시아,102㎡,서울시 서대문구 남가좌동,1141012000,286-1,서울시 서대문구 수색로2길 39,37.570789,126.916165,450,0,29,23,472,0,550,금호산업(주),HT005,102.64,74.34,72,3,2,80,계단식,,,,,,,,,286374,182601,,13억,,,,,,,,,,,서울가재울초등학교,B100005597,서울특별시 서대문구 남가좌동 164-1,혁신,단설,20160301,서울특별시교육청,http://gajaeul.sen.es.kr,20230531,20.4,26.2,892.0,840.0,20230531,11.0,87.0,10.0,11.0,11.0,11.0,12.0,9.0,261.0,293.0,312.0,289.0,311.0,252.0,2.0,14.0,64.0,1732.0,5.0,2.0,0.0,0.0,20230531,49.0,351.0,0.0,0.0,20230531,직영,3347.0,1732.0,1677396000.0,37.5736532,126.9185796,1141012000,서울시,19.8,17.4,서대문구,19.8,17.1,5.0
4,DMC금호리첸시아,114,서울시 서대문구 남가좌동,1141012000,286-1,서울시 서대문구 수색로2길 39,37.570789,126.916165,450,0,29,23,472,0,550,금호산업(주),HT005,114.56,84.99,74,3,2,210,계단식,,,,,,,,,327388,208752,,,,,,,,,,,,,서울가재울초등학교,B100005597,서울특별시 서대문구 남가좌동 164-1,혁신,단설,20160301,서울특별시교육청,http://gajaeul.sen.es.kr,20230531,20.4,26.2,892.0,840.0,20230531,11.0,87.0,10.0,11.0,11.0,11.0,12.0,9.0,261.0,293.0,312.0,289.0,311.0,252.0,2.0,14.0,64.0,1732.0,5.0,2.0,0.0,0.0,20230531,49.0,351.0,0.0,0.0,20230531,직영,3347.0,1732.0,1677396000.0,37.5736532,126.9185796,1141012000,서울시,19.8,17.4,서대문구,19.8,17.1,5.0
0,DMC래미안클라시스,82C㎡,서울시 서대문구 남가좌동,1141012000,377,서울시 서대문구 증가로 191,37.578292,126.916453,1114,0,20,16,289,22,1323,삼성물산(주),HT001,82.52,59.97,73,3,1,106,계단식,331200,755280,66240,357840,0,0,0,,139405,139987,"7억 3,000","7억 8,000",,"4억 2,000",,,,,,,,,서울연가초등학교,B100002001,서울특별시 서대문구 남가좌동 364-6,공립,단설,19721130,서울특별시교육청,http://yeonga.sen.es.kr,20230531,18.1,23.6,812.0,743.0,20230531,13.0,89.0,11.0,12.0,10.0,10.0,11.0,10.0,270.0,293.0,246.0,228.0,267.0,238.0,2.0,13.0,64.0,1555.0,0.0,6.0,0.0,0.0,20230531,10.0,146.0,0.0,0.0,20230531,직영,3001.0,1555.0,1884575000.0,37.58014523,126.9183479,1141012000,서울시,19.8,17.4,서대문구,19.8,17.1,1.0
1,DMC래미안클라시스,84B㎡,서울시 서대문구 남가좌동,1141012000,377,서울시 서대문구 증가로 191,37.578292,126.916453,1114,0,20,16,289,22,1323,삼성물산(주),HT001,84.14,59.59,71,3,1,162,계단식,331200,755280,66240,357840,0,0,0,,138522,139100,"7억 3,000","7억 8,000",,"4억 2,000",,1억/120,,1억/120,,,,,서울연가초등학교,B100002001,서울특별시 서대문구 남가좌동 364-6,공립,단설,19721130,서울특별시교육청,http://yeonga.sen.es.kr,20230531,18.1,23.6,812.0,743.0,20230531,13.0,89.0,11.0,12.0,10.0,10.0,11.0,10.0,270.0,293.0,246.0,228.0,267.0,238.0,2.0,13.0,64.0,1555.0,0.0,6.0,0.0,0.0,20230531,10.0,146.0,0.0,0.0,20230531,직영,3001.0,1555.0,1884575000.0,37.58014523,126.9183479,1141012000,서울시,19.8,17.4,서대문구,19.8,17.1,1.0
2,DMC래미안클라시스,84A㎡,서울시 서대문구 남가좌동,1141012000,377,서울시 서대문구 증가로 191,37.578292,126.916453,1114,0,20,16,289,22,1323,삼성물산(주),HT001,84.51,59.93,71,3,1,157,계단식,331200,755280,66240,357840,0,0,0,,139312,139893,"7억 1,000","7억 8,000",,"3억 9,000",1억/120,1억/130,1억/120,1억/130,,,,,서울연가초등학교,B100002001,서울특별시 서대문구 남가좌동 364-6,공립,단설,19721130,서울특별시교육청,http://yeonga.sen.es.kr,20230531,18.1,23.6,812.0,743.0,20230531,13.0,89.0,11.0,12.0,10.0,10.0,11.0,10.0,270.0,293.0,246.0,228.0,267.0,238.0,2.0,13.0,64.0,1555.0,0.0,6.0,0.0,0.0,20230531,10.0,146.0,0.0,0.0,20230531,직영,3001.0,1555.0,1884575000.0,37.58014523,126.9183479,1141012000,서울시,19.8,17.4,서대문구,19.8,17.1,1.0
3,DMC래미안클라시스,110B㎡,서울시 서대문구 남가좌동,1141012000,377,서울시 서대문구 증가로 191,37.578292,126.916453,1114,0,20,16,289,22,1323,삼성물산(주),HT001,110,84.9,77,3,2,370,계단식,419400,922860,83880,419580,0,0,0,,197357,198180,"8억 7,000",10억,,"4억 8,000",,,,,,,,,서울연가초등학교,B100002001,서울특별시 서대문구 남가좌동 364-6,공립,단설,19721130,서울특별시교육청,http://yeonga.sen.es.kr,20230531,18.1,23.6,812.0,743.0,20230531,13.0,89.0,11.0,12.0,10.0,10.0,11.0,10.0,270.0,293.0,246.0,228.0,267.0,238.0,2.0,13.0,64.0,1555.0,0.0,6.0,0.0,0.0,20230531,10.0,146.0,0.0,0.0,20230531,직영,3001.0,1555.0,1884575000.0,37.58014523,126.9183479,1141012000,서울시,19.8,17.4,서대문구,19.8,17.1,1.0
4,DMC래미안클라시스,112A㎡,서울시 서대문구 남가좌동,1141012000,377,서울시 서대문구 증가로 191,37.578292,126.916453,1114,0,20,16,289,22,1323,삼성물산(주),HT001,112.12,84.95,76,3,2,54,계단식,419400,922860,83880,419580,0,0,0,,197473,198297,,9억,,,,,,,,,,,서울연가초등학교,B100002001,서울특별시 서대문구 남가좌동 364-6,공립,단설,19721130,서울특별시교육청,http://yeonga.sen.es.kr,20230531,18.1,23.6,812.0,743.0,20230531,13.0,89.0,11.0,12.0,10.0,10.0,11.0,10.0,270.0,293.0,246.0,228.0,267.0,238.0,2.0,13.0,64.0,1555.0,0.0,6.0,0.0,0.0,20230531,10.0,146.0,0.0,0.0,20230531,직영,3001.0,1555.0,1884575000.0,37.58014523,126.9183479,1141012000,서울시,19.8,17.4,서대문구,19.8,17.1,1.0
5,DMC래미안클라시스,145B㎡,서울시 서대문구 남가좌동,1141012000,377,서울시 서대문구 증가로 191,37.578292,126.916453,1114,0,20,16,289,22,1323,삼성물산(주),HT001,145.14,114.88,79,4,2,157,계단식,573300,1169280,114660,481320,0,0,0,,267048,268162,"10억 1,000",12억,,,,,,,,,,,서울연가초등학교,B100002001,서울특별시 서대문구 남가좌동 364-6,공립,단설,19721130,서울특별시교육청,http://yeonga.sen.es.kr,20230531,18.1,23.6,812.0,743.0,20230531,13.0,89.0,11.0,12.0,10.0,10.0,11.0,10.0,270.0,293.0,246.0,228.0,267.0,238.0,2.0,13.0,64.0,1555.0,0.0,6.0,0.0,0.0,20230531,10.0,146.0,0.0,0.0,20230531,직영,3001.0,1555.0,1884575000.0,37.58014523,126.9183479,1141012000,서울시,19.8,17.4,서대문구,19.8,17.1,1.0
6,DMC래미안클라시스,145A,서울시 서대문구 남가좌동,1141012000,377,서울시 서대문구 증가로 191,37.578292,126.916453,1114,0,20,16,289,22,1323,삼성물산(주),HT001,145.2,114.93,79,4,2,108,계단식,573300,1169280,114660,481320,0,0,0,,267164,268278,10억,12억,,"6억 7,000",,,,,,,,,서울연가초등학교,B100002001,서울특별시 서대문구 남가좌동 364-6,공립,단설,19721130,서울특별시교육청,http://yeonga.sen.es.kr,20230531,18.1,23.6,812.0,743.0,20230531,13.0,89.0,11.0,12.0,10.0,10.0,11.0,10.0,270.0,293.0,246.0,228.0,267.0,238.0,2.0,13.0,64.0,1555.0,0.0,6.0,0.0,0.0,20230531,10.0,146.0,0.0,0.0,20230531,직영,3001.0,1555.0,1884575000.0,37.58014523,126.9183479,1141012000,서울시,19.8,17.4,서대문구,19.8,17.1,1.0
0,DMC센트럴아이파크,78C㎡,서울시 서대문구 남가좌동,1141012000,388,서울시 서대문구 증가로 150,37.578834,126.920543,1061,47,22,13,226,17,1624,에이치디씨현대산업개발(주),HT001,78.24,59.99,77,3,2,43,계단식,593775,1202040,118755,489510,0,0,0,,196441,186681,"9억 6,000",10억,,"4억 5,000",,,,,,,,,서울연가초등학교,B100002001,서울특별시 서대문구 남가좌동 364-6,공립,단설,19721130,서울특별시교육청,http://yeonga.sen.es.kr,20230531,18.1,23.6,812.0,743.0,20230531,13.0,89.0,11.0,12.0,10.0,10.0,11.0,10.0,270.0,293.0,246.0,228.0,267.0,238.0,2.0,13.0,64.0,1555.0,0.0,6.0,0.0,0.0,20230531,10.0,146.0,0.0,0.0,20230531,직영,3001.0,1555.0,1884575000.0,37.58014523,126.9183479,1141012000,서울시,19.8,17.4,서대문구,19.8,17.1,3.0
1,DMC센트럴아이파크,78B㎡,서울시 서대문구 남가좌동,1141012000,388,서울시 서대문구 증가로 150,37.578834,126.920543,1061,47,22,13,226,17,1624,에이치디씨현대산업개발(주),HT001,78.42,59.8,76,3,2,34,계단식,593775,1202040,118755,489510,0,0,0,,195819,186090,,10억,,,,3억/100,,3억/100,,,,,서울연가초등학교,B100002001,서울특별시 서대문구 남가좌동 364-6,공립,단설,19721130,서울특별시교육청,http://yeonga.sen.es.kr,20230531,18.1,23.6,812.0,743.0,20230531,13.0,89.0,11.0,12.0,10.0,10.0,11.0,10.0,270.0,293.0,246.0,228.0,267.0,238.0,2.0,13.0,64.0,1555.0,0.0,6.0,0.0,0.0,20230531,10.0,146.0,0.0,0.0,20230531,직영,3001.0,1555.0,1884575000.0,37.58014523,126.9183479,1141012000,서울시,19.8,17.4,서대문구,19.8,17.1,3.0
2,DMC센트럴아이파크,81A㎡,서울시 서대문구 남가좌동,1141012000,388,서울시 서대문구 증가로 150,37.578834,126.920543,1061,47,22,13,226,17,1624,에이치디씨현대산업개발(주),HT001,81.16,59.91,74,3,2,115,계단식,593775,1202040,118755,489510,0,0,0,,196180,186432,"9억 5,000",10억,,5억,,4억/60,,4억/60,,,,,서울연가초등학교,B100002001,서울특별시 서대문구 남가좌동 364-6,공립,단설,19721130,서울특별시교육청,http://yeonga.sen.es.kr,20230531,18.1,23.6,812.0,743.0,20230531,13.0,89.0,11.0,12.0,10.0,10.0,11.0,10.0,270.0,293.0,246.0,228.0,267.0,238.0,2.0,13.0,64.0,1555.0,0.0,6.0,0.0,0.0,20230531,10.0,146.0,0.0,0.0,20230531,직영,3001.0,1555.0,1884575000.0,37.58014523,126.9183479,1141012000,서울시,19.8,17.4,서대문구,19.8,17.1,3.0
3,DMC센트럴아이파크,107D㎡,서울시 서대문구 남가좌동,1141012000,388,서울시 서대문구 증가로 150,37.578834,126.920543,1061,47,22,13,226,17,1624,에이치디씨현대산업개발(주),HT001,107.6,84.94,79,3,2,138,계단식,1062000,1866600,212400,592200,0,0,0,,278142,264322,"11억 8,000",13억,,,2억/190,4억/90,2억/190,4억/90,,,,,서울연가초등학교,B100002001,서울특별시 서대문구 남가좌동 364-6,공립,단설,19721130,서울특별시교육청,http://yeonga.sen.es.kr,20230531,18.1,23.6,812.0,743.0,20230531,13.0,89.0,11.0,12.0,10.0,10.0,11.0,10.0,270.0,293.0,246.0,228.0,267.0,238.0,2.0,13.0,64.0,1555.0,0.0,6.0,0.0,0.0,20230531,10.0,146.0,0.0,0.0,20230531,직영,3001.0,1555.0,1884575000.0,37.58014523,126.9183479,1141012000,서울시,19.8,17.4,서대문구,19.8,17.1,3.0
4,DMC센트럴아이파크,108E㎡,서울시 서대문구 남가좌동,1141012000,388,서울시 서대문구 증가로 150,37.578834,126.920543,1061,47,22,13,226,17,1624,에이치디씨현대산업개발(주),HT001,108.26,84.95,78,3,2,133,계단식,1062000,1866600,212400,592200,0,0,0,,278174,264354,"10억 6,000",12억,"6억 1,000",7억,"4억 5,000/80",5억/60,"4억 5,000/80",5억/60,,,,,서울연가초등학교,B100002001,서울특별시 서대문구 남가좌동 364-6,공립,단설,19721130,서울특별시교육청,http://yeonga.sen.es.kr,20230531,18.1,23.6,812.0,743.0,20230531,13.0,89.0,11.0,12.0,10.0,10.0,11.0,10.0,270.0,293.0,246.0,228.0,267.0,238.0,2.0,13.0,64.0,1555.0,0.0,6.0,0.0,0.0,20230531,10.0,146.0,0.0,0.0,20230531,직영,3001.0,1555.0,1884575000.0,37.58014523,126.9183479,1141012000,서울시,19.8,17.4,서대문구,19.8,17.1,3.0
5,DMC센트럴아이파크,109A㎡,서울시 서대문구 남가좌동,1141012000,388,서울시 서대문구 증가로 150,37.578834,126.920543,1061,47,22,13,226,17,1624,에이치디씨현대산업개발(주),HT001,109.66,84.9,77,3,2,114,계단식,1062000,1866600,212400,592200,0,0,0,,278011,264198,"11억 8,000",12억,,,,1억/220,,1억/220,,,,,서울연가초등학교,B100002001,서울특별시 서대문구 남가좌동 364-6,공립,단설,19721130,서울특별시교육청,http://yeonga.sen.es.kr,20230531,18.1,23.6,812.0,743.0,20230531,13.0,89.0,11.0,12.0,10.0,10.0,11.0,10.0,270.0,293.0,246.0,228.0,267.0,238.0,2.0,13.0,64.0,1555.0,0.0,6.0,0.0,0.0,20230531,10.0,146.0,0.0,0.0,20230531,직영,3001.0,1555.0,1884575000.0,37.58014523,126.9183479,1141012000,서울시,19.8,17.4,서대문구,19.8,17.1,3.0
6,DMC센트럴아이파크,109C㎡,서울시 서대문구 남가좌동,1141012000,388,서울시 서대문구 증가로 150,37.578834,126.920543,1061,47,22,13,226,17,1624,에이치디씨현대산업개발(주),HT001,109.7,84.97,77,3,2,109,계단식,1062000,1866600,212400,592200,0,0,0,,278240,264416,"11억 9,000","13억 5,000",,"6억 5,000",,,,,,,,,서울연가초등학교,B100002001,서울특별시 서대문구 남가좌동 364-6,공립,단설,19721130,서울특별시교육청,http://yeonga.sen.es.kr,20230531,18.1,23.6,812.0,743.0,20230531,13.0,89.0,11.0,12.0,10.0,10.0,11.0,10.0,270.0,293.0,246.0,228.0,267.0,238.0,2.0,13.0,64.0,1555.0,0.0,6.0,0.0,0.0,20230531,10.0,146.0,0.0,0.0,20230531,직영,3001.0,1555.0,1884575000.0,37.58014523,126.9183479,1141012000,서울시,19.8,17.4,서대문구,19.8,17.1,3.0
7,DMC센트럴아이파크,110B㎡,서울시 서대문구 남가좌동,1141012000,388,서울시 서대문구 증가로 150,37.578834,126.920543,1061,47,22,13,226,17,1624,에이치디씨현대산업개발(주),HT001,110.41,84.98,77,3,2,164,계단식,1062000,1866600,212400,592200,0,0,0,,278273,264447,"10억 5,000","12억 5,000",,"6억 6,000",,,,,,,,,서울연가초등학교,B100002001,서울특별시 서대문구 남가좌동 364-6,공립,단설,19721130,서울특별시교육청,http://yeonga.sen.es.kr,20230531,18.1,23.6,812.0,743.0,20230531,13.0,89.0,11.0,12.0,10.0,10.0,11.0,10.0,270.0,293.0,246.0,228.0,267.0,238.0,2.0,13.0,64.0,1555.0,0.0,6.0,0.0,0.0,20230531,10.0,146.0,0.0,0.0,20230531,직영,3001.0,1555.0,1884575000.0,37.58014523,126.9183479,1141012000,서울시,19.8,17.4,서대문구,19.8,17.1,3.0
8,DMC센트럴아이파크,110B1㎡,서울시 서대문구 남가좌동,1141012000,388,서울시 서대문구 증가로 150,37.578834,126.920543,1061,47,22,13,226,17,1624,에이치디씨현대산업개발(주),HT001,110.4,84.97,77,3,2,35,계단식,1062000,1866600,212400,592200,0,0,0,,278240,264416,"10억 6,000","11억 8,000",,,,,,,,,,,서울연가초등학교,B100002001,서울특별시 서대문구 남가좌동 364-6,공립,단설,19721130,서울특별시교육청,http://yeonga.sen.es.kr,20230531,18.1,23.6,812.0,743.0,20230531,13.0,89.0,11.0,12.0,10.0,10.0,11.0,10.0,270.0,293.0,246.0,228.0,267.0,238.0,2.0,13.0,64.0,1555.0,0.0,6.0,0.0,0.0,20230531,10.0,146.0,0.0,0.0,20230531,직영,3001.0,1555.0,1884575000.0,37.58014523,126.9183479,1141012000,서울시,19.8,17.4,서대문구,19.8,17.1,3.0
9,DMC센트럴아이파크,126B㎡,서울시 서대문구 남가좌동,1141012000,388,서울시 서대문구 증가로 150,37.578834,126.920543,1061,47,22,13,226,17,1624,에이치디씨현대산업개발(주),HT001,126.81,103.19,81,4,2,56,계단식,1218600,2109330,243720,647010,0,0,0,,337902,321114,"13억 7,000","15억 5,000",,"7억 5,000",,,,,,,,,서울연가초등학교,B100002001,서울특별시 서대문구 남가좌동 364-6,공립,단설,19721130,서울특별시교육청,http://yeonga.sen.es.kr,20230531,18.1,23.6,812.0,743.0,20230531,13.0,89.0,11.0,12.0,10.0,10.0,11.0,10.0,270.0,293.0,246.0,228.0,267.0,238.0,2.0,13.0,64.0,1555.0,0.0,6.0,0.0,0.0,20230531,10.0,146.0,0.0,0.0,20230531,직영,3001.0,1555.0,1884575000.0,37.58014523,126.9183479,1141012000,서울시,19.8,17.4,서대문구,19.8,17.1,3.0
10,DMC센트럴아이파크,128A㎡,서울시 서대문구 남가좌동,1141012000,388,서울시 서대문구 증가로 150,37.578834,126.920543,1061,47,22,13,226,17,1624,에이치디씨현대산업개발(주),HT001,128.03,103.89,81,4,2,30,계단식,1218600,2109330,243720,647010,0,0,0,,340195,323292,,,,,,,,,,,,,서울연가초등학교,B100002001,서울특별시 서대문구 남가좌동 364-6,공립,단설,19721130,서울특별시교육청,http://yeonga.sen.es.kr,20230531,18.1,23.6,812.0,743.0,20230531,13.0,89.0,11.0,12.0,10.0,10.0,11.0,10.0,270.0,293.0,246.0,228.0,267.0,238.0,2.0,13.0,64.0,1555.0,0.0,6.0,0.0,0.0,20230531,10.0,146.0,0.0,0.0,20230531,직영,3001.0,1555.0,1884575000.0,37.58014523,126.9183479,1141012000,서울시,19.8,17.4,서대문구,19.8,17.1,3.0
11,DMC센트럴아이파크,141㎡,서울시 서대문구 남가좌동,1141012000,388,서울시 서대문구 증가로 150,37.578834,126.920543,1061,47,22,13,226,17,1624,에이치디씨현대산업개발(주),HT001,141.29,114.81,81,4,2,42,계단식,1251000,2159550,250200,658350,0,0,0,,375953,357274,15억,17억,,,,,,,,,,,서울연가초등학교,B100002001,서울특별시 서대문구 남가좌동 364-6,공립,단설,19721130,서울특별시교육청,http://yeonga.sen.es.kr,20230531,18.1,23.6,812.0,743.0,20230531,13.0,89.0,11.0,12.0,10.0,10.0,11.0,10.0,270.0,293.0,246.0,228.0,267.0,238.0,2.0,13.0,64.0,1555.0,0.0,6.0,0.0,0.0,20230531,10.0,146.0,0.0,0.0,20230531,직영,3001.0,1555.0,1884575000.0,37.58014523,126.9183479,1141012000,서울시,19.8,17.4,서대문구,19.8,17.1,3.0
12,DMC센트럴아이파크,168,서울시 서대문구 남가좌동,1141012000,388,서울시 서대문구 증가로 150,37.578834,126.920543,1061,47,22,13,226,17,1624,에이치디씨현대산업개발(주),HT001,168.85,127.07,75,4,2,1,계단식,1422000,2424600,284400,718200,120960,100800,20160,,416099,395426,,,,,,,,,,,,,서울연가초등학교,B100002001,서울특별시 서대문구 남가좌동 364-6,공립,단설,19721130,서울특별시교육청,http://yeonga.sen.es.kr,20230531,18.1,23.6,812.0,743.0,20230531,13.0,89.0,11.0,12.0,10.0,10.0,11.0,10.0,270.0,293.0,246.0,228.0,267.0,238.0,2.0,13.0,64.0,1555.0,0.0,6.0,0.0,0.0,20230531,10.0,146.0,0.0,0.0,20230531,직영,3001.0,1555.0,1884575000.0,37.58014523,126.9183479,1141012000,서울시,19.8,17.4,서대문구,19.8,17.1,3.0
0,DMC센트레빌,86㎡,서울시 서대문구 남가좌동,1141012000,381,서울시 서대문구 거북골로 120,37.576168,126.915668,473,100,15,10,233,26,576,동부건설(주),HT005,86.18,59.95,70,3,2,105,계단식,,,,,,,,,264631,189983,"8억 5,000","8억 8,000",,,,,,,,,,,서울연가초등학교,B100002001,서울특별시 서대문구 남가좌동 364-6,공립,단설,19721130,서울특별시교육청,http://yeonga.sen.es.kr,20230531,18.1,23.6,812.0,743.0,20230531,13.0,89.0,11.0,12.0,10.0,10.0,11.0,10.0,270.0,293.0,246.0,228.0,267.0,238.0,2.0,13.0,64.0,1555.0,0.0,6.0,0.0,0.0,20230531,10.0,146.0,0.0,0.0,20230531,직영,3001.0,1555.0,1884575000.0,37.58014523,126.9183479,1141012000,서울시,19.8,17.4,서대문구,19.8,17.1,8.0
1,DMC센트레빌,110C㎡,서울시 서대문구 남가좌동,1141012000,381,서울시 서대문구 거북골로 120,37.576168,126.915668,473,100,15,10,233,26,576,동부건설(주),HT005,110.78,84.87,77,3,2,62,계단식,,,,,,,,,374632,268955,,"10억 5,000",,,,,,,,,,,서울연가초등학교,B100002001,서울특별시 서대문구 남가좌동 364-6,공립,단설,19721130,서울특별시교육청,http://yeonga.sen.es.kr,20230531,18.1,23.6,812.0,743.0,20230531,13.0,89.0,11.0,12.0,10.0,10.0,11.0,10.0,270.0,293.0,246.0,228.0,267.0,238.0,2.0,13.0,64.0,1555.0,0.0,6.0,0.0,0.0,20230531,10.0,146.0,0.0,0.0,20230531,직영,3001.0,1555.0,1884575000.0,37.58014523,126.9183479,1141012000,서울시,19.8,17.4,서대문구,19.8,17.1,8.0
2,DMC센트레빌,110A㎡,서울시 서대문구 남가좌동,1141012000,381,서울시 서대문구 거북골로 120,37.576168,126.915668,473,100,15,10,233,26,576,동부건설(주),HT005,110.66,84.98,77,3,2,60,계단식,,,,,,,,,375118,269303,,11억,,,,,,,,,,,서울연가초등학교,B100002001,서울특별시 서대문구 남가좌동 364-6,공립,단설,19721130,서울특별시교육청,http://yeonga.sen.es.kr,20230531,18.1,23.6,812.0,743.0,20230531,13.0,89.0,11.0,12.0,10.0,10.0,11.0,10.0,270.0,293.0,246.0,228.0,267.0,238.0,2.0,13.0,64.0,1555.0,0.0,6.0,0.0,0.0,20230531,10.0,146.0,0.0,0.0,20230531,직영,3001.0,1555.0,1884575000.0,37.58014523,126.9183479,1141012000,서울시,19.8,17.4,서대문구,19.8,17.1,8.0
3,DMC센트레빌,110D㎡,서울시 서대문구 남가좌동,1141012000,381,서울시 서대문구 거북골로 120,37.576168,126.915668,473,100,15,10,233,26,576,동부건설(주),HT005,110.83,84.87,77,3,2,24,계단식,,,,,,,,,374632,268955,"10억 5,000","11억 5,000",,,,,,,,,,,서울연가초등학교,B100002001,서울특별시 서대문구 남가좌동 364-6,공립,단설,19721130,서울특별시교육청,http://yeonga.sen.es.kr,20230531,18.1,23.6,812.0,743.0,20230531,13.0,89.0,11.0,12.0,10.0,10.0,11.0,10.0,270.0,293.0,246.0,228.0,267.0,238.0,2.0,13.0,64.0,1555.0,0.0,6.0,0.0,0.0,20230531,10.0,146.0,0.0,0.0,20230531,직영,3001.0,1555.0,1884575000.0,37.58014523,126.9183479,1141012000,서울시,19.8,17.4,서대문구,19.8,17.1,8.0
4,DMC센트레빌,111B㎡,서울시 서대문구 남가좌동,1141012000,381,서울시 서대문구 거북골로 120,37.576168,126.915668,473,100,15,10,233,26,576,동부건설(주),HT005,111.22,84.97,76,3,2,29,계단식,,,,,,,,,375074,269272,,,,,,,,,,,,,서울연가초등학교,B100002001,서울특별시 서대문구 남가좌동 364-6,공립,단설,19721130,서울특별시교육청,http://yeonga.sen.es.kr,20230531,18.1,23.6,812.0,743.0,20230531,13.0,89.0,11.0,12.0,10.0,10.0,11.0,10.0,270.0,293.0,246.0,228.0,267.0,238.0,2.0,13.0,64.0,1555.0,0.0,6.0,0.0,0.0,20230531,10.0,146.0,0.0,0.0,20230531,직영,3001.0,1555.0,1884575000.0,37.58014523,126.9183479,1141012000,서울시,19.8,17.4,서대문구,19.8,17.1,8.0
5,DMC센트레빌,142C㎡,서울시 서대문구 남가좌동,1141012000,381,서울시 서대문구 거북골로 120,37.576168,126.915668,473,100,15,10,233,26,576,동부건설(주),HT005,142.31,114.85,81,4,2,51,계단식,,,,,,,,,506970,363962,14억,"14억 5,000",,"7억 5,000",,,,,,,,,서울연가초등학교,B100002001,서울특별시 서대문구 남가좌동 364-6,공립,단설,19721130,서울특별시교육청,http://yeonga.sen.es.kr,20230531,18.1,23.6,812.0,743.0,20230531,13.0,89.0,11.0,12.0,10.0,10.0,11.0,10.0,270.0,293.0,246.0,228.0,267.0,238.0,2.0,13.0,64.0,1555.0,0.0,6.0,0.0,0.0,20230531,10.0,146.0,0.0,0.0,20230531,직영,3001.0,1555.0,1884575000.0,37.58014523,126.9183479,1141012000,서울시,19.8,17.4,서대문구,19.8,17.1,8.0
6,DMC센트레빌,142A㎡,서울시 서대문구 남가좌동,1141012000,381,서울시 서대문구 거북골로 120,37.576168,126.915668,473,100,15,10,233,26,576,동부건설(주),HT005,142.44,114.87,81,4,2,28,계단식,,,,,,,,,507058,364026,13억,"14억 5,000",,,,,,,,,,,서울연가초등학교,B100002001,서울특별시 서대문구 남가좌동 364-6,공립,단설,19721130,서울특별시교육청,http://yeonga.sen.es.kr,20230531,18.1,23.6,812.0,743.0,20230531,13.0,89.0,11.0,12.0,10.0,10.0,11.0,10.0,270.0,293.0,246.0,228.0,267.0,238.0,2.0,13.0,64.0,1555.0,0.0,6.0,0.0,0.0,20230531,10.0,146.0,0.0,0.0,20230531,직영,3001.0,1555.0,1884575000.0,37.58014523,126.9183479,1141012000,서울시,19.8,17.4,서대문구,19.8,17.1,8.0
7,DMC센트레빌,143B,서울시 서대문구 남가좌동,1141012000,381,서울시 서대문구 거북골로 120,37.576168,126.915668,473,100,15,10,233,26,576,동부건설(주),HT005,143.22,114.9,80,4,2,14,계단식,,,,,,,,,507191,364121,,,,,,,,,,,,,서울연가초등학교,B100002001,서울특별시 서대문구 남가좌동 364-6,공립,단설,19721130,서울특별시교육청,http://yeonga.sen.es.kr,20230531,18.1,23.6,812.0,743.0,20230531,13.0,89.0,11.0,12.0,10.0,10.0,11.0,10.0,270.0,293.0,246.0,228.0,267.0,238.0,2.0,13.0,64.0,1555.0,0.0,6.0,0.0,0.0,20230531,10.0,146.0,0.0,0.0,20230531,직영,3001.0,1555.0,1884575000.0,37.58014523,126.9183479,1141012000,서울시,19.8,17.4,서대문구,19.8,17.1,8.0
0,DMC쌍용스윗닷홈,105㎡,서울시 서대문구 남가좌동,1141012000,380,서울시 서대문구 거북골로 91-6,37.575469,126.919007,110,0,20,16,237,16,142,쌍용건설(주),HT001,105.83,84.98,80,3,2,90,계단식,369000,827100,73800,384300,0,0,0,,,,"9억 5,000","10억 2,000",,5억,,,,,,,,,서울가재울초등학교,B100005597,서울특별시 서대문구 남가좌동 164-1,혁신,단설,20160301,서울특별시교육청,http://gajaeul.sen.es.kr,20230531,20.4,26.2,892.0,840.0,20230531,11.0,87.0,10.0,11.0,11.0,11.0,12.0,9.0,261.0,293.0,312.0,289.0,311.0,252.0,2.0,14.0,64.0,1732.0,5.0,2.0,0.0,0.0,20230531,49.0,351.0,0.0,0.0,20230531,직영,3347.0,1732.0,1677396000.0,37.5736532,126.9185796,1141012000,서울시,19.8,17.4,서대문구,19.8,17.1,4.0
1,DMC쌍용스윗닷홈,158,서울시 서대문구 남가좌동,1141012000,380,서울시 서대문구 거북골로 91-6,37.575469,126.919007,110,0,20,16,237,16,142,쌍용건설(주),HT001,158.12,128.21,81,4,2,20,계단식,510300,1068480,102060,456120,0,0,0,,,,,11억,,,,,,,,,,,서울가재울초등학교,B100005597,서울특별시 서대문구 남가좌동 164-1,혁신,단설,20160301,서울특별시교육청,http://gajaeul.sen.es.kr,20230531,20.4,26.2,892.0,840.0,20230531,11.0,87.0,10.0,11.0,11.0,11.0,12.0,9.0,261.0,293.0,312.0,289.0,311.0,252.0,2.0,14.0,64.0,1732.0,5.0,2.0,0.0,0.0,20230531,49.0,351.0,0.0,0.0,20230531,직영,3347.0,1732.0,1677396000.0,37.5736532,126.9185796,1141012000,서울시,19.8,17.4,서대문구,19.8,17.1,4.0
0,DMC에코자이,82A㎡,서울시 서대문구 남가좌동,1141012000,389,서울시 서대문구 거북골로 84,37.577474,126.919147,1047,178,24,11,234,19,1341,지에스건설(주),HT005,82.23,59.79,73,3,2,268,계단식,,,,,,,,,273781,205643,"9억 7,000","10억 8,000",6억,"6억 3,000",,,,,,,,,서울연가초등학교,B100002001,서울특별시 서대문구 남가좌동 364-6,공립,단설,19721130,서울특별시교육청,http://yeonga.sen.es.kr,20230531,18.1,23.6,812.0,743.0,20230531,13.0,89.0,11.0,12.0,10.0,10.0,11.0,10.0,270.0,293.0,246.0,228.0,267.0,238.0,2.0,13.0,64.0,1555.0,0.0,6.0,0.0,0.0,20230531,10.0,146.0,0.0,0.0,20230531,직영,3001.0,1555.0,1884575000.0,37.58014523,126.9183479,1141012000,서울시,19.8,17.4,서대문구,19.8,17.1,2.0
1,DMC에코자이,83B㎡,서울시 서대문구 남가좌동,1141012000,389,서울시 서대문구 거북골로 84,37.577474,126.919147,1047,178,24,11,234,19,1341,지에스건설(주),HT005,83.13,59.65,72,3,2,88,계단식,,,,,,,,,273167,205182,10억,11억,6억,"6억 3,000",1억/180,3억/120,1억/180,3억/120,,,,,서울연가초등학교,B100002001,서울특별시 서대문구 남가좌동 364-6,공립,단설,19721130,서울특별시교육청,http://yeonga.sen.es.kr,20230531,18.1,23.6,812.0,743.0,20230531,13.0,89.0,11.0,12.0,10.0,10.0,11.0,10.0,270.0,293.0,246.0,228.0,267.0,238.0,2.0,13.0,64.0,1555.0,0.0,6.0,0.0,0.0,20230531,10.0,146.0,0.0,0.0,20230531,직영,3001.0,1555.0,1884575000.0,37.58014523,126.9183479,1141012000,서울시,19.8,17.4,서대문구,19.8,17.1,2.0
2,DMC에코자이,83C㎡,서울시 서대문구 남가좌동,1141012000,389,서울시 서대문구 거북골로 84,37.577474,126.919147,1047,178,24,11,234,19,1341,지에스건설(주),HT005,83.31,59.44,71,3,2,20,계단식,,,,,,,,,272188,204446,,,,,,,,,,,,,서울연가초등학교,B100002001,서울특별시 서대문구 남가좌동 364-6,공립,단설,19721130,서울특별시교육청,http://yeonga.sen.es.kr,20230531,18.1,23.6,812.0,743.0,20230531,13.0,89.0,11.0,12.0,10.0,10.0,11.0,10.0,270.0,293.0,246.0,228.0,267.0,238.0,2.0,13.0,64.0,1555.0,0.0,6.0,0.0,0.0,20230531,10.0,146.0,0.0,0.0,20230531,직영,3001.0,1555.0,1884575000.0,37.58014523,126.9183479,1141012000,서울시,19.8,17.4,서대문구,19.8,17.1,2.0
3,DMC에코자이,98B㎡,서울시 서대문구 남가좌동,1141012000,389,서울시 서대문구 거북골로 84,37.577474,126.919147,1047,178,24,11,234,19,1341,지에스건설(주),HT005,98.94,72.84,74,3,2,84,계단식,,,,,,,,,333561,250544,12억,"12억 4,000",,,,3억/140,,3억/140,,,,,서울연가초등학교,B100002001,서울특별시 서대문구 남가좌동 364-6,공립,단설,19721130,서울특별시교육청,http://yeonga.sen.es.kr,20230531,18.1,23.6,812.0,743.0,20230531,13.0,89.0,11.0,12.0,10.0,10.0,11.0,10.0,270.0,293.0,246.0,228.0,267.0,238.0,2.0,13.0,64.0,1555.0,0.0,6.0,0.0,0.0,20230531,10.0,146.0,0.0,0.0,20230531,직영,3001.0,1555.0,1884575000.0,37.58014523,126.9183479,1141012000,서울시,19.8,17.4,서대문구,19.8,17.1,2.0
4,DMC에코자이,98A㎡,서울시 서대문구 남가좌동,1141012000,389,서울시 서대문구 거북골로 84,37.577474,126.919147,1047,178,24,11,234,19,1341,지에스건설(주),HT005,98.17,72.96,74,3,2,79,계단식,,,,,,,,,334129,250971,,"11억 5,000",,,,,,,,,,,서울연가초등학교,B100002001,서울특별시 서대문구 남가좌동 364-6,공립,단설,19721130,서울특별시교육청,http://yeonga.sen.es.kr,20230531,18.1,23.6,812.0,743.0,20230531,13.0,89.0,11.0,12.0,10.0,10.0,11.0,10.0,270.0,293.0,246.0,228.0,267.0,238.0,2.0,13.0,64.0,1555.0,0.0,6.0,0.0,0.0,20230531,10.0,146.0,0.0,0.0,20230531,직영,3001.0,1555.0,1884575000.0,37.58014523,126.9183479,1141012000,서울시,19.8,17.4,서대문구,19.8,17.1,2.0
5,DMC에코자이,111A㎡,서울시 서대문구 남가좌동,1141012000,389,서울시 서대문구 거북골로 84,37.577474,126.919147,1047,178,24,11,234,19,1341,지에스건설(주),HT005,111.22,84.97,76,3,2,232,계단식,,,,,,,,,389118,292275,"11억 5,000","13억 1,000",,"6억 5,000",,,,,,,,,서울연가초등학교,B100002001,서울특별시 서대문구 남가좌동 364-6,공립,단설,19721130,서울특별시교육청,http://yeonga.sen.es.kr,20230531,18.1,23.6,812.0,743.0,20230531,13.0,89.0,11.0,12.0,10.0,10.0,11.0,10.0,270.0,293.0,246.0,228.0,267.0,238.0,2.0,13.0,64.0,1555.0,0.0,6.0,0.0,0.0,20230531,10.0,146.0,0.0,0.0,20230531,직영,3001.0,1555.0,1884575000.0,37.58014523,126.9183479,1141012000,서울시,19.8,17.4,서대문구,19.8,17.1,2.0
6,DMC에코자이,112B㎡,서울시 서대문구 남가좌동,1141012000,389,서울시 서대문구 거북골로 84,37.577474,126.919147,1047,178,24,11,234,19,1341,지에스건설(주),HT005,112.36,84.82,75,3,2,72,계단식,,,,,,,,,388409,291742,,12억,"6억 5,000",7억,,,,,,,,,서울연가초등학교,B100002001,서울특별시 서대문구 남가좌동 364-6,공립,단설,19721130,서울특별시교육청,http://yeonga.sen.es.kr,20230531,18.1,23.6,812.0,743.0,20230531,13.0,89.0,11.0,12.0,10.0,10.0,11.0,10.0,270.0,293.0,246.0,228.0,267.0,238.0,2.0,13.0,64.0,1555.0,0.0,6.0,0.0,0.0,20230531,10.0,146.0,0.0,0.0,20230531,직영,3001.0,1555.0,1884575000.0,37.58014523,126.9183479,1141012000,서울시,19.8,17.4,서대문구,19.8,17.1,2.0
7,DMC에코자이,112C㎡,서울시 서대문구 남가좌동,1141012000,389,서울시 서대문구 거북골로 84,37.577474,126.919147,1047,178,24,11,234,19,1341,지에스건설(주),HT005,112.72,84.78,75,3,2,16,계단식,,,,,,,,,388212,291594,,,,,,,,,,,,,서울연가초등학교,B100002001,서울특별시 서대문구 남가좌동 364-6,공립,단설,19721130,서울특별시교육청,http://yeonga.sen.es.kr,20230531,18.1,23.6,812.0,743.0,20230531,13.0,89.0,11.0,12.0,10.0,10.0,11.0,10.0,270.0,293.0,246.0,228.0,267.0,238.0,2.0,13.0,64.0,1555.0,0.0,6.0,0.0,0.0,20230531,10.0,146.0,0.0,0.0,20230531,직영,3001.0,1555.0,1884575000.0,37.58014523,126.9183479,1141012000,서울시,19.8,17.4,서대문구,19.8,17.1,2.0
8,DMC에코자이,161C㎡,서울시 서대문구 남가좌동,1141012000,389,서울시 서대문구 거북골로 84,37.577474,126.919147,1047,178,24,11,234,19,1341,지에스건설(주),HT005,161.22,118.4,73,4,2,2,계단식,,,,,,,,,542187,407247,,,,,,,,,,,,,서울연가초등학교,B100002001,서울특별시 서대문구 남가좌동 364-6,공립,단설,19721130,서울특별시교육청,http://yeonga.sen.es.kr,20230531,18.1,23.6,812.0,743.0,20230531,13.0,89.0,11.0,12.0,10.0,10.0,11.0,10.0,270.0,293.0,246.0,228.0,267.0,238.0,2.0,13.0,64.0,1555.0,0.0,6.0,0.0,0.0,20230531,10.0,146.0,0.0,0.0,20230531,직영,3001.0,1555.0,1884575000.0,37.58014523,126.9183479,1141012000,서울시,19.8,17.4,서대문구,19.8,17.1,2.0
9,DMC에코자이,164A㎡,서울시 서대문구 남가좌동,1141012000,389,서울시 서대문구 거북골로 84,37.577474,126.919147,1047,178,24,11,234,19,1341,지에스건설(주),HT005,164.55,118.33,72,4,2,6,계단식,,,,,,,,,541843,406989,,,,,,,,,,,,,서울연가초등학교,B100002001,서울특별시 서대문구 남가좌동 364-6,공립,단설,19721130,서울특별시교육청,http://yeonga.sen.es.kr,20230531,18.1,23.6,812.0,743.0,20230531,13.0,89.0,11.0,12.0,10.0,10.0,11.0,10.0,270.0,293.0,246.0,228.0,267.0,238.0,2.0,13.0,64.0,1555.0,0.0,6.0,0.0,0.0,20230531,10.0,146.0,0.0,0.0,20230531,직영,3001.0,1555.0,1884575000.0,37.58014523,126.9183479,1141012000,서울시,19.8,17.4,서대문구,19.8,17.1,2.0
10,DMC에코자이,164B,서울시 서대문구 남가좌동,1141012000,389,서울시 서대문구 거북골로 84,37.577474,126.919147,1047,178,24,11,234,19,1341,지에스건설(주),HT005,164.09,118.24,72,4,2,2,계단식,,,,,,,,,541436,406683,,20억,,,,,,,,,,,서울연가초등학교,B100002001,서울특별시 서대문구 남가좌동 364-6,공립,단설,19721130,서울특별시교육청,http://yeonga.sen.es.kr,20230531,18.1,23.6,812.0,743.0,20230531,13.0,89.0,11.0,12.0,10.0,10.0,11.0,10.0,270.0,293.0,246.0,228.0,267.0,238.0,2.0,13.0,64.0,1555.0,0.0,6.0,0.0,0.0,20230531,10.0,146.0,0.0,0.0,20230531,직영,3001.0,1555.0,1884575000.0,37.58014523,126.9183479,1141012000,서울시,19.8,17.4,서대문구,19.8,17.1,2.0
0,DMC엘가(도시형),21㎡,서울시 서대문구 남가좌동,1141012000,387,서울시 서대문구 모래내로 151,37.570018,126.917761,288,0,15,11,283,32,107,(주)모아주택산업,HT001,21.42,13.03,61,1,1,154,복도식,23400,93600,4680,65520,0,0,0,,95844,96291,"1억 4,000","1억 6,000",,,,"1억 2,500/10",,"1억 2,500/10",,,,,서울가재울초등학교,B100005597,서울특별시 서대문구 남가좌동 164-1,혁신,단설,20160301,서울특별시교육청,http://gajaeul.sen.es.kr,20230531,20.4,26.2,892.0,840.0,20230531,11.0,87.0,10.0,11.0,11.0,11.0,12.0,9.0,261.0,293.0,312.0,289.0,311.0,252.0,2.0,14.0,64.0,1732.0,5.0,2.0,0.0,0.0,20230531,49.0,351.0,0.0,0.0,20230531,직영,3347.0,1732.0,1677396000.0,37.5736532,126.9185796,1141012000,서울시,19.8,17.4,서대문구,19.8,17.1,11.0
1,DMC엘가(도시형),28㎡,서울시 서대문구 남가좌동,1141012000,387,서울시 서대문구 모래내로 151,37.570018,126.917761,288,0,15,11,283,32,107,(주)모아주택산업,HT001,28,17.23,62,1,1,25,복도식,32550,126630,6510,87570,0,0,0,,126738,127328,"2억 1,000","2억 2,000",,,,,,,,,,,서울가재울초등학교,B100005597,서울특별시 서대문구 남가좌동 164-1,혁신,단설,20160301,서울특별시교육청,http://gajaeul.sen.es.kr,20230531,20.4,26.2,892.0,840.0,20230531,11.0,87.0,10.0,11.0,11.0,11.0,12.0,9.0,261.0,293.0,312.0,289.0,311.0,252.0,2.0,14.0,64.0,1732.0,5.0,2.0,0.0,0.0,20230531,49.0,351.0,0.0,0.0,20230531,직영,3347.0,1732.0,1677396000.0,37.5736532,126.9185796,1141012000,서울시,19.8,17.4,서대문구,19.8,17.1,11.0
2,DMC엘가(도시형),42㎡,서울시 서대문구 남가좌동,1141012000,387,서울시 서대문구 모래내로 151,37.570018,126.917761,288,0,15,11,283,32,107,(주)모아주택산업,HT001,42.85,26.7,62,1,1,10,복도식,55950,187470,11190,120330,0,0,0,,196396,197310,"2억 7,000","2억 8,000",,"2억 5,800",,"2,000/100",,"2,000/100",,,,,서울가재울초등학교,B100005597,서울특별시 서대문구 남가좌동 164-1,혁신,단설,20160301,서울특별시교육청,http://gajaeul.sen.es.kr,20230531,20.4,26.2,892.0,840.0,20230531,11.0,87.0,10.0,11.0,11.0,11.0,12.0,9.0,261.0,293.0,312.0,289.0,311.0,252.0,2.0,14.0,64.0,1732.0,5.0,2.0,0.0,0.0,20230531,49.0,351.0,0.0,0.0,20230531,직영,3347.0,1732.0,1677396000.0,37.5736532,126.9185796,1141012000,서울시,19.8,17.4,서대문구,19.8,17.1,11.0
3,DMC엘가(도시형),48㎡,서울시 서대문구 남가좌동,1141012000,387,서울시 서대문구 모래내로 151,37.570018,126.917761,288,0,15,11,283,32,107,(주)모아주택산업,HT001,48.58,30.36,62,2,1,85,복도식,71700,228420,14340,142380,0,0,0,,223317,224357,"2억 9,000","3억 7,000",,,,1억/68,,1억/68,,,,,서울가재울초등학교,B100005597,서울특별시 서대문구 남가좌동 164-1,혁신,단설,20160301,서울특별시교육청,http://gajaeul.sen.es.kr,20230531,20.4,26.2,892.0,840.0,20230531,11.0,87.0,10.0,11.0,11.0,11.0,12.0,9.0,261.0,293.0,312.0,289.0,311.0,252.0,2.0,14.0,64.0,1732.0,5.0,2.0,0.0,0.0,20230531,49.0,351.0,0.0,0.0,20230531,직영,3347.0,1732.0,1677396000.0,37.5736532,126.9185796,1141012000,서울시,19.8,17.4,서대문구,19.8,17.1,11.0
4,DMC엘가(도시형),65,서울시 서대문구 남가좌동,1141012000,387,서울시 서대문구 모래내로 151,37.570018,126.917761,288,0,15,11,283,32,107,(주)모아주택산업,HT001,65.7,41.23,63,3,1,14,복도식,100050,302130,20010,182070,0,0,0,,303273,304685,"4억 2,000",5억,"3억 1,000","3억 3,000",,,,,,,,,서울가재울초등학교,B100005597,서울특별시 서대문구 남가좌동 164-1,혁신,단설,20160301,서울특별시교육청,http://gajaeul.sen.es.kr,20230531,20.4,26.2,892.0,840.0,20230531,11.0,87.0,10.0,11.0,11.0,11.0,12.0,9.0,261.0,293.0,312.0,289.0,311.0,252.0,2.0,14.0,64.0,1732.0,5.0,2.0,0.0,0.0,20230531,49.0,351.0,0.0,0.0,20230531,직영,3347.0,1732.0,1677396000.0,37.5736532,126.9185796,1141012000,서울시,19.8,17.4,서대문구,19.8,17.1,11.0
0,DMC파크뷰자이,82A-3㎡,서울시 서대문구 남가좌동,1141012000,385,서울시 서대문구 가재울미래로 2,37.572838,126.917612,4300,750,33,9,233,19,5823,"GS건설(주), SK건설(주), 현대산업개발(주)",HT005,82.56,59.98,73,3,2,144,계단식,,,,,,,,,,,"9억 3,000",10억,"5억 5,000","5억 7,000",,,,,,,,,서울가재울초등학교,B100005597,서울특별시 서대문구 남가좌동 164-1,혁신,단설,20160301,서울특별시교육청,http://gajaeul.sen.es.kr,20230531,20.4,26.2,892.0,840.0,20230531,11.0,87.0,10.0,11.0,11.0,11.0,12.0,9.0,261.0,293.0,312.0,289.0,311.0,252.0,2.0,14.0,64.0,1732.0,5.0,2.0,0.0,0.0,20230531,49.0,351.0,0.0,0.0,20230531,직영,3347.0,1732.0,1677396000.0,37.5736532,126.9185796,1141012000,서울시,19.8,17.4,서대문구,19.8,17.1,1.0
1,DMC파크뷰자이,82A-6㎡,서울시 서대문구 남가좌동,1141012000,385,서울시 서대문구 가재울미래로 2,37.572838,126.917612,4300,750,33,9,233,19,5823,"GS건설(주), SK건설(주), 현대산업개발(주)",HT005,82.8,59.99,72,3,2,44,계단식,,,,,,,,,,,11억,"11억 2,000",,,,,,,,,,,서울가재울초등학교,B100005597,서울특별시 서대문구 남가좌동 164-1,혁신,단설,20160301,서울특별시교육청,http://gajaeul.sen.es.kr,20230531,20.4,26.2,892.0,840.0,20230531,11.0,87.0,10.0,11.0,11.0,11.0,12.0,9.0,261.0,293.0,312.0,289.0,311.0,252.0,2.0,14.0,64.0,1732.0,5.0,2.0,0.0,0.0,20230531,49.0,351.0,0.0,0.0,20230531,직영,3347.0,1732.0,1677396000.0,37.5736532,126.9185796,1141012000,서울시,19.8,17.4,서대문구,19.8,17.1,1.0
2,DMC파크뷰자이,83A-2㎡,서울시 서대문구 남가좌동,1141012000,385,서울시 서대문구 가재울미래로 2,37.572838,126.917612,4300,750,33,9,233,19,5823,"GS건설(주), SK건설(주), 현대산업개발(주)",HT005,83.6,59.98,72,3,2,96,계단식,,,,,,,,,,,10억,12억,,,,"1억 5,000/180",,"1억 5,000/180",,,,,서울가재울초등학교,B100005597,서울특별시 서대문구 남가좌동 164-1,혁신,단설,20160301,서울특별시교육청,http://gajaeul.sen.es.kr,20230531,20.4,26.2,892.0,840.0,20230531,11.0,87.0,10.0,11.0,11.0,11.0,12.0,9.0,261.0,293.0,312.0,289.0,311.0,252.0,2.0,14.0,64.0,1732.0,5.0,2.0,0.0,0.0,20230531,49.0,351.0,0.0,0.0,20230531,직영,3347.0,1732.0,1677396000.0,37.5736532,126.9185796,1141012000,서울시,19.8,17.4,서대문구,19.8,17.1,1.0
3,DMC파크뷰자이,83A-5㎡,서울시 서대문구 남가좌동,1141012000,385,서울시 서대문구 가재울미래로 2,37.572838,126.917612,4300,750,33,9,233,19,5823,"GS건설(주), SK건설(주), 현대산업개발(주)",HT005,83.76,59.98,72,3,2,63,계단식,,,,,,,,,,,"9억 5,000","9억 8,000",,"5억 8,000",,,,,,,,,서울가재울초등학교,B100005597,서울특별시 서대문구 남가좌동 164-1,혁신,단설,20160301,서울특별시교육청,http://gajaeul.sen.es.kr,20230531,20.4,26.2,892.0,840.0,20230531,11.0,87.0,10.0,11.0,11.0,11.0,12.0,9.0,261.0,293.0,312.0,289.0,311.0,252.0,2.0,14.0,64.0,1732.0,5.0,2.0,0.0,0.0,20230531,49.0,351.0,0.0,0.0,20230531,직영,3347.0,1732.0,1677396000.0,37.5736532,126.9185796,1141012000,서울시,19.8,17.4,서대문구,19.8,17.1,1.0
4,DMC파크뷰자이,84A-4㎡,서울시 서대문구 남가좌동,1141012000,385,서울시 서대문구 가재울미래로 2,37.572838,126.917612,4300,750,33,9,233,19,5823,"GS건설(주), SK건설(주), 현대산업개발(주)",HT005,84.27,59.98,71,3,2,88,계단식,,,,,,,,,,,"9억 5,000","11억 3,000",,"6억 5,000",,,,,,,,,서울가재울초등학교,B100005597,서울특별시 서대문구 남가좌동 164-1,혁신,단설,20160301,서울특별시교육청,http://gajaeul.sen.es.kr,20230531,20.4,26.2,892.0,840.0,20230531,11.0,87.0,10.0,11.0,11.0,11.0,12.0,9.0,261.0,293.0,312.0,289.0,311.0,252.0,2.0,14.0,64.0,1732.0,5.0,2.0,0.0,0.0,20230531,49.0,351.0,0.0,0.0,20230531,직영,3347.0,1732.0,1677396000.0,37.5736532,126.9185796,1141012000,서울시,19.8,17.4,서대문구,19.8,17.1,1.0
5,DMC파크뷰자이,84A-1㎡,서울시 서대문구 남가좌동,1141012000,385,서울시 서대문구 가재울미래로 2,37.572838,126.917612,4300,750,33,9,233,19,5823,"GS건설(주), SK건설(주), 현대산업개발(주)",HT005,84.21,59.97,71,3,2,46,계단식,,,,,,,,,,,,,,,,,,,,,,,서울가재울초등학교,B100005597,서울특별시 서대문구 남가좌동 164-1,혁신,단설,20160301,서울특별시교육청,http://gajaeul.sen.es.kr,20230531,20.4,26.2,892.0,840.0,20230531,11.0,87.0,10.0,11.0,11.0,11.0,12.0,9.0,261.0,293.0,312.0,289.0,311.0,252.0,2.0,14.0,64.0,1732.0,5.0,2.0,0.0,0.0,20230531,49.0,351.0,0.0,0.0,20230531,직영,3347.0,1732.0,1677396000.0,37.5736532,126.9185796,1141012000,서울시,19.8,17.4,서대문구,19.8,17.1,1.0
6,DMC파크뷰자이,110E-2㎡,서울시 서대문구 남가좌동,1141012000,385,서울시 서대문구 가재울미래로 2,37.572838,126.917612,4300,750,33,9,233,19,5823,"GS건설(주), SK건설(주), 현대산업개발(주)",HT005,110.3,84.96,77,3,2,544,계단식,,,,,,,,,,,"11억 7,000",13억,"6억 3,000",7억,"3억 5,000/150",4억/150,"3억 5,000/150",4억/150,,,,,서울가재울초등학교,B100005597,서울특별시 서대문구 남가좌동 164-1,혁신,단설,20160301,서울특별시교육청,http://gajaeul.sen.es.kr,20230531,20.4,26.2,892.0,840.0,20230531,11.0,87.0,10.0,11.0,11.0,11.0,12.0,9.0,261.0,293.0,312.0,289.0,311.0,252.0,2.0,14.0,64.0,1732.0,5.0,2.0,0.0,0.0,20230531,49.0,351.0,0.0,0.0,20230531,직영,3347.0,1732.0,1677396000.0,37.5736532,126.9185796,1141012000,서울시,19.8,17.4,서대문구,19.8,17.1,1.0
7,DMC파크뷰자이,110B-2㎡,서울시 서대문구 남가좌동,1141012000,385,서울시 서대문구 가재울미래로 2,37.572838,126.917612,4300,750,33,9,233,19,5823,"GS건설(주), SK건설(주), 현대산업개발(주)",HT005,110.14,84.99,77,3,2,162,계단식,,,,,,,,,,,"12억 3,000","12억 5,000",,,,,,,,,,,서울가재울초등학교,B100005597,서울특별시 서대문구 남가좌동 164-1,혁신,단설,20160301,서울특별시교육청,http://gajaeul.sen.es.kr,20230531,20.4,26.2,892.0,840.0,20230531,11.0,87.0,10.0,11.0,11.0,11.0,12.0,9.0,261.0,293.0,312.0,289.0,311.0,252.0,2.0,14.0,64.0,1732.0,5.0,2.0,0.0,0.0,20230531,49.0,351.0,0.0,0.0,20230531,직영,3347.0,1732.0,1677396000.0,37.5736532,126.9185796,1141012000,서울시,19.8,17.4,서대문구,19.8,17.1,1.0
8,DMC파크뷰자이,110A-2㎡,서울시 서대문구 남가좌동,1141012000,385,서울시 서대문구 가재울미래로 2,37.572838,126.917612,4300,750,33,9,233,19,5823,"GS건설(주), SK건설(주), 현대산업개발(주)",HT005,110.09,84.9,77,3,2,160,계단식,,,,,,,,,,,12억,"13억 5,000",,,,,,,,,,,서울가재울초등학교,B100005597,서울특별시 서대문구 남가좌동 164-1,혁신,단설,20160301,서울특별시교육청,http://gajaeul.sen.es.kr,20230531,20.4,26.2,892.0,840.0,20230531,11.0,87.0,10.0,11.0,11.0,11.0,12.0,9.0,261.0,293.0,312.0,289.0,311.0,252.0,2.0,14.0,64.0,1732.0,5.0,2.0,0.0,0.0,20230531,49.0,351.0,0.0,0.0,20230531,직영,3347.0,1732.0,1677396000.0,37.5736532,126.9185796,1141012000,서울시,19.8,17.4,서대문구,19.8,17.1,1.0
9,DMC파크뷰자이,110B-3㎡,서울시 서대문구 남가좌동,1141012000,385,서울시 서대문구 가재울미래로 2,37.572838,126.917612,4300,750,33,9,233,19,5823,"GS건설(주), SK건설(주), 현대산업개발(주)",HT005,110.68,84.99,77,3,2,40,계단식,,,,,,,,,,,11억,"13억 4,500",,,,,,,,,,,서울가재울초등학교,B100005597,서울특별시 서대문구 남가좌동 164-1,혁신,단설,20160301,서울특별시교육청,http://gajaeul.sen.es.kr,20230531,20.4,26.2,892.0,840.0,20230531,11.0,87.0,10.0,11.0,11.0,11.0,12.0,9.0,261.0,293.0,312.0,289.0,311.0,252.0,2.0,14.0,64.0,1732.0,5.0,2.0,0.0,0.0,20230531,49.0,351.0,0.0,0.0,20230531,직영,3347.0,1732.0,1677396000.0,37.5736532,126.9185796,1141012000,서울시,19.8,17.4,서대문구,19.8,17.1,1.0
10,DMC파크뷰자이,110A-3㎡,서울시 서대문구 남가좌동,1141012000,385,서울시 서대문구 가재울미래로 2,37.572838,126.917612,4300,750,33,9,233,19,5823,"GS건설(주), SK건설(주), 현대산업개발(주)",HT005,110.63,84.9,77,3,2,37,계단식,,,,,,,,,,,11억,"12억 6,000",,,,,,,,,,,서울가재울초등학교,B100005597,서울특별시 서대문구 남가좌동 164-1,혁신,단설,20160301,서울특별시교육청,http://gajaeul.sen.es.kr,20230531,20.4,26.2,892.0,840.0,20230531,11.0,87.0,10.0,11.0,11.0,11.0,12.0,9.0,261.0,293.0,312.0,289.0,311.0,252.0,2.0,14.0,64.0,1732.0,5.0,2.0,0.0,0.0,20230531,49.0,351.0,0.0,0.0,20230531,직영,3347.0,1732.0,1677396000.0,37.5736532,126.9185796,1141012000,서울시,19.8,17.4,서대문구,19.8,17.1,1.0
11,DMC파크뷰자이,111F-1㎡,서울시 서대문구 남가좌동,1141012000,385,서울시 서대문구 가재울미래로 2,37.572838,126.917612,4300,750,33,9,233,19,5823,"GS건설(주), SK건설(주), 현대산업개발(주)",HT005,111.98,84.97,76,3,2,784,계단식,,,,,,,,,,,12억,"14억 5,000","6억 2,000",7억,"8,000/250",6억/160,"8,000/250",6억/160,,,,,서울가재울초등학교,B100005597,서울특별시 서대문구 남가좌동 164-1,혁신,단설,20160301,서울특별시교육청,http://gajaeul.sen.es.kr,20230531,20.4,26.2,892.0,840.0,20230531,11.0,87.0,10.0,11.0,11.0,11.0,12.0,9.0,261.0,293.0,312.0,289.0,311.0,252.0,2.0,14.0,64.0,1732.0,5.0,2.0,0.0,0.0,20230531,49.0,351.0,0.0,0.0,20230531,직영,3347.0,1732.0,1677396000.0,37.5736532,126.9185796,1141012000,서울시,19.8,17.4,서대문구,19.8,17.1,1.0
12,DMC파크뷰자이,111E-1㎡,서울시 서대문구 남가좌동,1141012000,385,서울시 서대문구 가재울미래로 2,37.572838,126.917612,4300,750,33,9,233,19,5823,"GS건설(주), SK건설(주), 현대산업개발(주)",HT005,111.66,84.96,76,3,2,324,계단식,,,,,,,,,,,12억,"13억 5,000",,,,,,,,,,,서울가재울초등학교,B100005597,서울특별시 서대문구 남가좌동 164-1,혁신,단설,20160301,서울특별시교육청,http://gajaeul.sen.es.kr,20230531,20.4,26.2,892.0,840.0,20230531,11.0,87.0,10.0,11.0,11.0,11.0,12.0,9.0,261.0,293.0,312.0,289.0,311.0,252.0,2.0,14.0,64.0,1732.0,5.0,2.0,0.0,0.0,20230531,49.0,351.0,0.0,0.0,20230531,직영,3347.0,1732.0,1677396000.0,37.5736532,126.9185796,1141012000,서울시,19.8,17.4,서대문구,19.8,17.1,1.0
13,DMC파크뷰자이,111C㎡,서울시 서대문구 남가좌동,1141012000,385,서울시 서대문구 가재울미래로 2,37.572838,126.917612,4300,750,33,9,233,19,5823,"GS건설(주), SK건설(주), 현대산업개발(주)",HT005,111.41,84.97,76,3,2,138,계단식,,,,,,,,,,,"12억 6,000",14억,,,,,,,,,,,서울가재울초등학교,B100005597,서울특별시 서대문구 남가좌동 164-1,혁신,단설,20160301,서울특별시교육청,http://gajaeul.sen.es.kr,20230531,20.4,26.2,892.0,840.0,20230531,11.0,87.0,10.0,11.0,11.0,11.0,12.0,9.0,261.0,293.0,312.0,289.0,311.0,252.0,2.0,14.0,64.0,1732.0,5.0,2.0,0.0,0.0,20230531,49.0,351.0,0.0,0.0,20230531,직영,3347.0,1732.0,1677396000.0,37.5736532,126.9185796,1141012000,서울시,19.8,17.4,서대문구,19.8,17.1,1.0
14,DMC파크뷰자이,112D-1㎡,서울시 서대문구 남가좌동,1141012000,385,서울시 서대문구 가재울미래로 2,37.572838,126.917612,4300,750,33,9,233,19,5823,"GS건설(주), SK건설(주), 현대산업개발(주)",HT005,112.61,84.98,75,3,2,192,계단식,,,,,,,,,,,"12억 5,000","13억 5,000",,,,,,,,,,,서울가재울초등학교,B100005597,서울특별시 서대문구 남가좌동 164-1,혁신,단설,20160301,서울특별시교육청,http://gajaeul.sen.es.kr,20230531,20.4,26.2,892.0,840.0,20230531,11.0,87.0,10.0,11.0,11.0,11.0,12.0,9.0,261.0,293.0,312.0,289.0,311.0,252.0,2.0,14.0,64.0,1732.0,5.0,2.0,0.0,0.0,20230531,49.0,351.0,0.0,0.0,20230531,직영,3347.0,1732.0,1677396000.0,37.5736532,126.9185796,1141012000,서울시,19.8,17.4,서대문구,19.8,17.1,1.0
15,DMC파크뷰자이,112E-4㎡,서울시 서대문구 남가좌동,1141012000,385,서울시 서대문구 가재울미래로 2,37.572838,126.917612,4300,750,33,9,233,19,5823,"GS건설(주), SK건설(주), 현대산업개발(주)",HT005,112.62,84.96,75,3,2,78,계단식,,,,,,,,,,,"11억 5,000","12억 2,000",,,,,,,,,,,서울가재울초등학교,B100005597,서울특별시 서대문구 남가좌동 164-1,혁신,단설,20160301,서울특별시교육청,http://gajaeul.sen.es.kr,20230531,20.4,26.2,892.0,840.0,20230531,11.0,87.0,10.0,11.0,11.0,11.0,12.0,9.0,261.0,293.0,312.0,289.0,311.0,252.0,2.0,14.0,64.0,1732.0,5.0,2.0,0.0,0.0,20230531,49.0,351.0,0.0,0.0,20230531,직영,3347.0,1732.0,1677396000.0,37.5736532,126.9185796,1141012000,서울시,19.8,17.4,서대문구,19.8,17.1,1.0
16,DMC파크뷰자이,112E-3㎡,서울시 서대문구 남가좌동,1141012000,385,서울시 서대문구 가재울미래로 2,37.572838,126.917612,4300,750,33,9,233,19,5823,"GS건설(주), SK건설(주), 현대산업개발(주)",HT005,112.4,84.96,76,3,2,63,계단식,,,,,,,,,,,11억,"11억 5,000",,"6억 3,000",,,,,,,,,서울가재울초등학교,B100005597,서울특별시 서대문구 남가좌동 164-1,혁신,단설,20160301,서울특별시교육청,http://gajaeul.sen.es.kr,20230531,20.4,26.2,892.0,840.0,20230531,11.0,87.0,10.0,11.0,11.0,11.0,12.0,9.0,261.0,293.0,312.0,289.0,311.0,252.0,2.0,14.0,64.0,1732.0,5.0,2.0,0.0,0.0,20230531,49.0,351.0,0.0,0.0,20230531,직영,3347.0,1732.0,1677396000.0,37.5736532,126.9185796,1141012000,서울시,19.8,17.4,서대문구,19.8,17.1,1.0
17,DMC파크뷰자이,152B-1㎡,서울시 서대문구 남가좌동,1141012000,385,서울시 서대문구 가재울미래로 2,37.572838,126.917612,4300,750,33,9,233,19,5823,"GS건설(주), SK건설(주), 현대산업개발(주)",HT005,152.93,120,78,4,2,62,계단식,,,,,,,,,,,17억,"17억 5,000",,,,,,,,,,,서울가재울초등학교,B100005597,서울특별시 서대문구 남가좌동 164-1,혁신,단설,20160301,서울특별시교육청,http://gajaeul.sen.es.kr,20230531,20.4,26.2,892.0,840.0,20230531,11.0,87.0,10.0,11.0,11.0,11.0,12.0,9.0,261.0,293.0,312.0,289.0,311.0,252.0,2.0,14.0,64.0,1732.0,5.0,2.0,0.0,0.0,20230531,49.0,351.0,0.0,0.0,20230531,직영,3347.0,1732.0,1677396000.0,37.5736532,126.9185796,1141012000,서울시,19.8,17.4,서대문구,19.8,17.1,1.0
18,DMC파크뷰자이,153A-1㎡,서울시 서대문구 남가좌동,1141012000,385,서울시 서대문구 가재울미래로 2,37.572838,126.917612,4300,750,33,9,233,19,5823,"GS건설(주), SK건설(주), 현대산업개발(주)",HT005,153.91,120.49,78,4,2,173,계단식,,,,,,,,,,,"16억 5,000",20억,,,,1억/320,,1억/320,,,,,서울가재울초등학교,B100005597,서울특별시 서대문구 남가좌동 164-1,혁신,단설,20160301,서울특별시교육청,http://gajaeul.sen.es.kr,20230531,20.4,26.2,892.0,840.0,20230531,11.0,87.0,10.0,11.0,11.0,11.0,12.0,9.0,261.0,293.0,312.0,289.0,311.0,252.0,2.0,14.0,64.0,1732.0,5.0,2.0,0.0,0.0,20230531,49.0,351.0,0.0,0.0,20230531,직영,3347.0,1732.0,1677396000.0,37.5736532,126.9185796,1141012000,서울시,19.8,17.4,서대문구,19.8,17.1,1.0
19,DMC파크뷰자이,157㎡,서울시 서대문구 남가좌동,1141012000,385,서울시 서대문구 가재울미래로 2,37.572838,126.917612,4300,750,33,9,233,19,5823,"GS건설(주), SK건설(주), 현대산업개발(주)",HT005,157.84,121.61,77,4,2,188,계단식,,,,,,,,,,,16억,19억,10억,12억,5억/200,6억/160,5억/200,6억/160,,,,,서울가재울초등학교,B100005597,서울특별시 서대문구 남가좌동 164-1,혁신,단설,20160301,서울특별시교육청,http://gajaeul.sen.es.kr,20230531,20.4,26.2,892.0,840.0,20230531,11.0,87.0,10.0,11.0,11.0,11.0,12.0,9.0,261.0,293.0,312.0,289.0,311.0,252.0,2.0,14.0,64.0,1732.0,5.0,2.0,0.0,0.0,20230531,49.0,351.0,0.0,0.0,20230531,직영,3347.0,1732.0,1677396000.0,37.5736532,126.9185796,1141012000,서울시,19.8,17.4,서대문구,19.8,17.1,1.0
20,DMC파크뷰자이,194㎡,서울시 서대문구 남가좌동,1141012000,385,서울시 서대문구 가재울미래로 2,37.572838,126.917612,4300,750,33,9,233,19,5823,"GS건설(주), SK건설(주), 현대산업개발(주)",HT005,194.35,152.14,78,4,3,64,계단식,,,,,,,,,,,"19억 5,000",23억,13억,16억,,12억/35,,12억/35,,,,,서울가재울초등학교,B100005597,서울특별시 서대문구 남가좌동 164-1,혁신,단설,20160301,서울특별시교육청,http://gajaeul.sen.es.kr,20230531,20.4,26.2,892.0,840.0,20230531,11.0,87.0,10.0,11.0,11.0,11.0,12.0,9.0,261.0,293.0,312.0,289.0,311.0,252.0,2.0,14.0,64.0,1732.0,5.0,2.0,0.0,0.0,20230531,49.0,351.0,0.0,0.0,20230531,직영,3347.0,1732.0,1677396000.0,37.5736532,126.9185796,1141012000,서울시,19.8,17.4,서대문구,19.8,17.1,1.0
21,DMC파크뷰자이,208,서울시 서대문구 남가좌동,1141012000,385,서울시 서대문구 가재울미래로 2,37.572838,126.917612,4300,750,33,9,233,19,5823,"GS건설(주), SK건설(주), 현대산업개발(주)",HT005,208.89,175.07,84,4,3,60,계단식,,,,,,,,,,,25억,31억,,14억,,10억/150,,10억/150,,,,,서울가재울초등학교,B100005597,서울특별시 서대문구 남가좌동 164-1,혁신,단설,20160301,서울특별시교육청,http://gajaeul.sen.es.kr,20230531,20.4,26.2,892.0,840.0,20230531,11.0,87.0,10.0,11.0,11.0,11.0,12.0,9.0,261.0,293.0,312.0,289.0,311.0,252.0,2.0,14.0,64.0,1732.0,5.0,2.0,0.0,0.0,20230531,49.0,351.0,0.0,0.0,20230531,직영,3347.0,1732.0,1677396000.0,37.5736532,126.9185796,1141012000,서울시,19.8,17.4,서대문구,19.8,17.1,1.0
0,M화일,71㎡,서울시 서대문구 남가좌동,1141012000,135-6,서울시 서대문구 모래내로 179,37.57163,126.9204,27,0,7,6,0,0,29,엠화일건설,HT001,71.28,64.28,90,3,1,1,계단식,74850,236610,14970,146790,0,0,0,,,,,,,,,,,,,,,,서울가재울초등학교,B100005597,서울특별시 서대문구 남가좌동 164-1,혁신,단설,20160301,서울특별시교육청,http://gajaeul.sen.es.kr,20230531,20.4,26.2,892.0,840.0,20230531,11.0,87.0,10.0,11.0,11.0,11.0,12.0,9.0,261.0,293.0,312.0,289.0,311.0,252.0,2.0,14.0,64.0,1732.0,5.0,2.0,0.0,0.0,20230531,49.0,351.0,0.0,0.0,20230531,직영,3347.0,1732.0,1677396000.0,37.5736532,126.9185796,1141012000,서울시,19.8,17.4,서대문구,19.8,17.1,6.0
1,M화일,76㎡,서울시 서대문구 남가좌동,1141012000,135-6,서울시 서대문구 모래내로 179,37.57163,126.9204,27,0,7,6,0,0,29,엠화일건설,HT001,76.45,69.4,91,3,1,1,계단식,89700,275220,17940,167580,0,0,0,,,,,,,,,,,,,,,,서울가재울초등학교,B100005597,서울특별시 서대문구 남가좌동 164-1,혁신,단설,20160301,서울특별시교육청,http://gajaeul.sen.es.kr,20230531,20.4,26.2,892.0,840.0,20230531,11.0,87.0,10.0,11.0,11.0,11.0,12.0,9.0,261.0,293.0,312.0,289.0,311.0,252.0,2.0,14.0,64.0,1732.0,5.0,2.0,0.0,0.0,20230531,49.0,351.0,0.0,0.0,20230531,직영,3347.0,1732.0,1677396000.0,37.5736532,126.9185796,1141012000,서울시,19.8,17.4,서대문구,19.8,17.1,6.0
2,M화일,78㎡,서울시 서대문구 남가좌동,1141012000,135-6,서울시 서대문구 모래내로 179,37.57163,126.9204,27,0,7,6,0,0,29,엠화일건설,HT001,78.65,71.4,91,3,1,1,계단식,89700,275220,17940,167580,0,0,0,,,,,,,,,,,,,,,,서울가재울초등학교,B100005597,서울특별시 서대문구 남가좌동 164-1,혁신,단설,20160301,서울특별시교육청,http://gajaeul.sen.es.kr,20230531,20.4,26.2,892.0,840.0,20230531,11.0,87.0,10.0,11.0,11.0,11.0,12.0,9.0,261.0,293.0,312.0,289.0,311.0,252.0,2.0,14.0,64.0,1732.0,5.0,2.0,0.0,0.0,20230531,49.0,351.0,0.0,0.0,20230531,직영,3347.0,1732.0,1677396000.0,37.5736532,126.9185796,1141012000,서울시,19.8,17.4,서대문구,19.8,17.1,6.0
3,M화일,81A㎡,서울시 서대문구 남가좌동,1141012000,135-6,서울시 서대문구 모래내로 179,37.57163,126.9204,27,0,7,6,0,0,29,엠화일건설,HT001,81.39,73.39,90,3,1,1,계단식,89700,275220,17940,167580,0,0,0,,,,,"5억 5,000",,,,,,,,,,,서울가재울초등학교,B100005597,서울특별시 서대문구 남가좌동 164-1,혁신,단설,20160301,서울특별시교육청,http://gajaeul.sen.es.kr,20230531,20.4,26.2,892.0,840.0,20230531,11.0,87.0,10.0,11.0,11.0,11.0,12.0,9.0,261.0,293.0,312.0,289.0,311.0,252.0,2.0,14.0,64.0,1732.0,5.0,2.0,0.0,0.0,20230531,49.0,351.0,0.0,0.0,20230531,직영,3347.0,1732.0,1677396000.0,37.5736532,126.9185796,1141012000,서울시,19.8,17.4,서대문구,19.8,17.1,6.0
4,M화일,84B㎡,서울시 서대문구 남가좌동,1141012000,135-6,서울시 서대문구 모래내로 179,37.57163,126.9204,27,0,7,6,0,0,29,엠화일건설,HT001,84.04,75.78,90,3,1,1,계단식,89700,275220,17940,167580,0,0,0,,,,,,,,,,,,,,,,서울가재울초등학교,B100005597,서울특별시 서대문구 남가좌동 164-1,혁신,단설,20160301,서울특별시교육청,http://gajaeul.sen.es.kr,20230531,20.4,26.2,892.0,840.0,20230531,11.0,87.0,10.0,11.0,11.0,11.0,12.0,9.0,261.0,293.0,312.0,289.0,311.0,252.0,2.0,14.0,64.0,1732.0,5.0,2.0,0.0,0.0,20230531,49.0,351.0,0.0,0.0,20230531,직영,3347.0,1732.0,1677396000.0,37.5736532,126.9185796,1141012000,서울시,19.8,17.4,서대문구,19.8,17.1,6.0
5,M화일,91A㎡,서울시 서대문구 남가좌동,1141012000,135-6,서울시 서대문구 모래내로 179,37.57163,126.9204,27,0,7,6,0,0,29,엠화일건설,HT001,91.88,83.4,91,3,2,6,계단식,107250,320850,21450,192150,0,0,0,,,,,,,,,,,,,,,,서울가재울초등학교,B100005597,서울특별시 서대문구 남가좌동 164-1,혁신,단설,20160301,서울특별시교육청,http://gajaeul.sen.es.kr,20230531,20.4,26.2,892.0,840.0,20230531,11.0,87.0,10.0,11.0,11.0,11.0,12.0,9.0,261.0,293.0,312.0,289.0,311.0,252.0,2.0,14.0,64.0,1732.0,5.0,2.0,0.0,0.0,20230531,49.0,351.0,0.0,0.0,20230531,직영,3347.0,1732.0,1677396000.0,37.5736532,126.9185796,1141012000,서울시,19.8,17.4,서대문구,19.8,17.1,6.0
6,M화일,91C㎡,서울시 서대문구 남가좌동,1141012000,135-6,서울시 서대문구 모래내로 179,37.57163,126.9204,27,0,7,6,0,0,29,엠화일건설,HT001,91.92,82.88,90,3,1,4,계단식,107250,320850,21450,192150,0,0,0,,,,,,"4억 2,000","4억 5,000",,,,,,,,,서울가재울초등학교,B100005597,서울특별시 서대문구 남가좌동 164-1,혁신,단설,20160301,서울특별시교육청,http://gajaeul.sen.es.kr,20230531,20.4,26.2,892.0,840.0,20230531,11.0,87.0,10.0,11.0,11.0,11.0,12.0,9.0,261.0,293.0,312.0,289.0,311.0,252.0,2.0,14.0,64.0,1732.0,5.0,2.0,0.0,0.0,20230531,49.0,351.0,0.0,0.0,20230531,직영,3347.0,1732.0,1677396000.0,37.5736532,126.9185796,1141012000,서울시,19.8,17.4,서대문구,19.8,17.1,6.0
7,M화일,92B㎡,서울시 서대문구 남가좌동,1141012000,135-6,서울시 서대문구 모래내로 179,37.57163,126.9204,27,0,7,6,0,0,29,엠화일건설,HT001,92.62,84.07,91,3,2,6,계단식,107250,320850,21450,192150,0,0,0,,,,,,,,,,,,,,,,서울가재울초등학교,B100005597,서울특별시 서대문구 남가좌동 164-1,혁신,단설,20160301,서울특별시교육청,http://gajaeul.sen.es.kr,20230531,20.4,26.2,892.0,840.0,20230531,11.0,87.0,10.0,11.0,11.0,11.0,12.0,9.0,261.0,293.0,312.0,289.0,311.0,252.0,2.0,14.0,64.0,1732.0,5.0,2.0,0.0,0.0,20230531,49.0,351.0,0.0,0.0,20230531,직영,3347.0,1732.0,1677396000.0,37.5736532,126.9185796,1141012000,서울시,19.8,17.4,서대문구,19.8,17.1,6.0
8,M화일,93D㎡,서울시 서대문구 남가좌동,1141012000,135-6,서울시 서대문구 모래내로 179,37.57163,126.9204,27,0,7,6,0,0,29,엠화일건설,HT001,93.63,84.43,90,3,1,5,계단식,107250,320850,21450,192150,0,0,0,,,,,,,,,,,,,,,,서울가재울초등학교,B100005597,서울특별시 서대문구 남가좌동 164-1,혁신,단설,20160301,서울특별시교육청,http://gajaeul.sen.es.kr,20230531,20.4,26.2,892.0,840.0,20230531,11.0,87.0,10.0,11.0,11.0,11.0,12.0,9.0,261.0,293.0,312.0,289.0,311.0,252.0,2.0,14.0,64.0,1732.0,5.0,2.0,0.0,0.0,20230531,49.0,351.0,0.0,0.0,20230531,직영,3347.0,1732.0,1677396000.0,37.5736532,126.9185796,1141012000,서울시,19.8,17.4,서대문구,19.8,17.1,6.0
9,M화일,94,서울시 서대문구 남가좌동,1141012000,135-6,서울시 서대문구 모래내로 179,37.57163,126.9204,27,0,7,6,0,0,29,엠화일건설,HT001,94.59,85.29,90,3,2,1,계단식,107250,320850,21450,192150,0,0,0,,,,,,,,,,,,,,,,서울가재울초등학교,B100005597,서울특별시 서대문구 남가좌동 164-1,혁신,단설,20160301,서울특별시교육청,http://gajaeul.sen.es.kr,20230531,20.4,26.2,892.0,840.0,20230531,11.0,87.0,10.0,11.0,11.0,11.0,12.0,9.0,261.0,293.0,312.0,289.0,311.0,252.0,2.0,14.0,64.0,1732.0,5.0,2.0,0.0,0.0,20230531,49.0,351.0,0.0,0.0,20230531,직영,3347.0,1732.0,1677396000.0,37.5736532,126.9185796,1141012000,서울시,19.8,17.4,서대문구,19.8,17.1,6.0
0,남가좌현대,86㎡,서울시 서대문구 남가좌동,1141012000,376,서울시 서대문구 가재울로 45,37.574716,126.920478,1155,0,20,10,328,25,1322,현대건설(주),HT001,86.34,59.4,69,2,1,532,복도식,301500,698850,60300,337050,0,0,0,,147648,148056,"6억 8,000",7억,"3억 3,000","3억 9,000",,,,,,,,,서울가재울초등학교,B100005597,서울특별시 서대문구 남가좌동 164-1,혁신,단설,20160301,서울특별시교육청,http://gajaeul.sen.es.kr,20230531,20.4,26.2,892.0,840.0,20230531,11.0,87.0,10.0,11.0,11.0,11.0,12.0,9.0,261.0,293.0,312.0,289.0,311.0,252.0,2.0,14.0,64.0,1732.0,5.0,2.0,0.0,0.0,20230531,49.0,351.0,0.0,0.0,20230531,직영,3347.0,1732.0,1677396000.0,37.5736532,126.9185796,1141012000,서울시,19.8,17.4,서대문구,19.8,17.1,1.0
1,남가좌현대,94㎡,서울시 서대문구 남가좌동,1141012000,376,서울시 서대문구 가재울로 45,37.574716,126.920478,1155,0,20,10,328,25,1322,현대건설(주),HT001,94.62,73.65,78,3,1,50,계단식,348300,787770,69660,369810,0,0,0,,183069,183575,,"7억 8,000",,"4억 8,000",,,,,,,,,서울가재울초등학교,B100005597,서울특별시 서대문구 남가좌동 164-1,혁신,단설,20160301,서울특별시교육청,http://gajaeul.sen.es.kr,20230531,20.4,26.2,892.0,840.0,20230531,11.0,87.0,10.0,11.0,11.0,11.0,12.0,9.0,261.0,293.0,312.0,289.0,311.0,252.0,2.0,14.0,64.0,1732.0,5.0,2.0,0.0,0.0,20230531,49.0,351.0,0.0,0.0,20230531,직영,3347.0,1732.0,1677396000.0,37.5736532,126.9185796,1141012000,서울시,19.8,17.4,서대문구,19.8,17.1,1.0
2,남가좌현대,108A㎡,서울시 서대문구 남가좌동,1141012000,376,서울시 서대문구 가재울로 45,37.574716,126.920478,1155,0,20,10,328,25,1322,현대건설(주),HT001,108.91,84.78,78,3,2,258,계단식,444150,962640,88830,429660,0,0,0,,210735,211316,"8억 5,000","10억 5,000",,5억,,,,,,,,,서울가재울초등학교,B100005597,서울특별시 서대문구 남가좌동 164-1,혁신,단설,20160301,서울특별시교육청,http://gajaeul.sen.es.kr,20230531,20.4,26.2,892.0,840.0,20230531,11.0,87.0,10.0,11.0,11.0,11.0,12.0,9.0,261.0,293.0,312.0,289.0,311.0,252.0,2.0,14.0,64.0,1732.0,5.0,2.0,0.0,0.0,20230531,49.0,351.0,0.0,0.0,20230531,직영,3347.0,1732.0,1677396000.0,37.5736532,126.9185796,1141012000,서울시,19.8,17.4,서대문구,19.8,17.1,1.0
3,남가좌현대,109B㎡,서울시 서대문구 남가좌동,1141012000,376,서울시 서대문구 가재울로 45,37.574716,126.920478,1155,0,20,10,328,25,1322,현대건설(주),HT001,109.07,84.9,78,3,2,19,계단식,444150,962640,88830,429660,0,0,0,,211033,211615,,,,"5억 5,000",,,,,,,,,서울가재울초등학교,B100005597,서울특별시 서대문구 남가좌동 164-1,혁신,단설,20160301,서울특별시교육청,http://gajaeul.sen.es.kr,20230531,20.4,26.2,892.0,840.0,20230531,11.0,87.0,10.0,11.0,11.0,11.0,12.0,9.0,261.0,293.0,312.0,289.0,311.0,252.0,2.0,14.0,64.0,1732.0,5.0,2.0,0.0,0.0,20230531,49.0,351.0,0.0,0.0,20230531,직영,3347.0,1732.0,1677396000.0,37.5736532,126.9185796,1141012000,서울시,19.8,17.4,서대문구,19.8,17.1,1.0
4,남가좌현대,141,서울시 서대문구 남가좌동,1141012000,376,서울시 서대문구 가재울로 45,37.574716,126.920478,1155,0,20,10,328,25,1322,현대건설(주),HT001,141.01,114.9,81,4,2,296,계단식,585900,1189440,117180,486360,0,0,0,,285603,286391,"9억 4,000","11억 5,000",,,,,,,,,,,서울가재울초등학교,B100005597,서울특별시 서대문구 남가좌동 164-1,혁신,단설,20160301,서울특별시교육청,http://gajaeul.sen.es.kr,20230531,20.4,26.2,892.0,840.0,20230531,11.0,87.0,10.0,11.0,11.0,11.0,12.0,9.0,261.0,293.0,312.0,289.0,311.0,252.0,2.0,14.0,64.0,1732.0,5.0,2.0,0.0,0.0,20230531,49.0,351.0,0.0,0.0,20230531,직영,3347.0,1732.0,1677396000.0,37.5736532,126.9185796,1141012000,서울시,19.8,17.4,서대문구,19.8,17.1,1.0
0,더-아무르(도시형),35A㎡,서울시 서대문구 남가좌동,1141012000,382-9,서울시 서대문구 가재울미래로 15,37.570378,126.917309,24,0,7,4,249,49,41,(주)세아씨엔씨,HT001,35.7,29.91,84,1,1,4,계단식,,,,,,,,,,,,,,,,,,,,,,,서울가재울초등학교,B100005597,서울특별시 서대문구 남가좌동 164-1,혁신,단설,20160301,서울특별시교육청,http://gajaeul.sen.es.kr,20230531,20.4,26.2,892.0,840.0,20230531,11.0,87.0,10.0,11.0,11.0,11.0,12.0,9.0,261.0,293.0,312.0,289.0,311.0,252.0,2.0,14.0,64.0,1732.0,5.0,2.0,0.0,0.0,20230531,49.0,351.0,0.0,0.0,20230531,직영,3347.0,1732.0,1677396000.0,37.5736532,126.9185796,1141012000,서울시,19.8,17.4,서대문구,19.8,17.1,12.0
1,더-아무르(도시형),35B㎡,서울시 서대문구 남가좌동,1141012000,382-9,서울시 서대문구 가재울미래로 15,37.570378,126.917309,24,0,7,4,249,49,41,(주)세아씨엔씨,HT001,35.81,30,84,1,1,4,계단식,,,,,,,,,,,"2억 9,000","3억 5,000",,,,,,,,,,,서울가재울초등학교,B100005597,서울특별시 서대문구 남가좌동 164-1,혁신,단설,20160301,서울특별시교육청,http://gajaeul.sen.es.kr,20230531,20.4,26.2,892.0,840.0,20230531,11.0,87.0,10.0,11.0,11.0,11.0,12.0,9.0,261.0,293.0,312.0,289.0,311.0,252.0,2.0,14.0,64.0,1732.0,5.0,2.0,0.0,0.0,20230531,49.0,351.0,0.0,0.0,20230531,직영,3347.0,1732.0,1677396000.0,37.5736532,126.9185796,1141012000,서울시,19.8,17.4,서대문구,19.8,17.1,12.0
2,더-아무르(도시형),42A㎡,서울시 서대문구 남가좌동,1141012000,382-9,서울시 서대문구 가재울미래로 15,37.570378,126.917309,24,0,7,4,249,49,41,(주)세아씨엔씨,HT001,42.45,34.13,80,1,1,2,복도식,,,,,,,,,,,,,,,,,,,,,,,서울가재울초등학교,B100005597,서울특별시 서대문구 남가좌동 164-1,혁신,단설,20160301,서울특별시교육청,http://gajaeul.sen.es.kr,20230531,20.4,26.2,892.0,840.0,20230531,11.0,87.0,10.0,11.0,11.0,11.0,12.0,9.0,261.0,293.0,312.0,289.0,311.0,252.0,2.0,14.0,64.0,1732.0,5.0,2.0,0.0,0.0,20230531,49.0,351.0,0.0,0.0,20230531,직영,3347.0,1732.0,1677396000.0,37.5736532,126.9185796,1141012000,서울시,19.8,17.4,서대문구,19.8,17.1,12.0
3,더-아무르(도시형),42B㎡,서울시 서대문구 남가좌동,1141012000,382-9,서울시 서대문구 가재울미래로 15,37.570378,126.917309,24,0,7,4,249,49,41,(주)세아씨엔씨,HT001,42.56,34.22,80,1,1,2,복도식,,,,,,,,,,,,,,,,,,,,,,,서울가재울초등학교,B100005597,서울특별시 서대문구 남가좌동 164-1,혁신,단설,20160301,서울특별시교육청,http://gajaeul.sen.es.kr,20230531,20.4,26.2,892.0,840.0,20230531,11.0,87.0,10.0,11.0,11.0,11.0,12.0,9.0,261.0,293.0,312.0,289.0,311.0,252.0,2.0,14.0,64.0,1732.0,5.0,2.0,0.0,0.0,20230531,49.0,351.0,0.0,0.0,20230531,직영,3347.0,1732.0,1677396000.0,37.5736532,126.9185796,1141012000,서울시,19.8,17.4,서대문구,19.8,17.1,12.0
4,더-아무르(도시형),44C㎡,서울시 서대문구 남가좌동,1141012000,382-9,서울시 서대문구 가재울미래로 15,37.570378,126.917309,24,0,7,4,249,49,41,(주)세아씨엔씨,HT001,44.52,35.8,80,1,1,2,복도식,,,,,,,,,,,,,,3억,,,,,,,,,서울가재울초등학교,B100005597,서울특별시 서대문구 남가좌동 164-1,혁신,단설,20160301,서울특별시교육청,http://gajaeul.sen.es.kr,20230531,20.4,26.2,892.0,840.0,20230531,11.0,87.0,10.0,11.0,11.0,11.0,12.0,9.0,261.0,293.0,312.0,289.0,311.0,252.0,2.0,14.0,64.0,1732.0,5.0,2.0,0.0,0.0,20230531,49.0,351.0,0.0,0.0,20230531,직영,3347.0,1732.0,1677396000.0,37.5736532,126.9185796,1141012000,서울시,19.8,17.4,서대문구,19.8,17.1,12.0
5,더-아무르(도시형),57㎡,서울시 서대문구 남가좌동,1141012000,382-9,서울시 서대문구 가재울미래로 15,37.570378,126.917309,24,0,7,4,249,49,41,(주)세아씨엔씨,HT001,57.38,48.07,84,2,1,2,계단식,,,,,,,,,,,,,,,,,,,,,,,서울가재울초등학교,B100005597,서울특별시 서대문구 남가좌동 164-1,혁신,단설,20160301,서울특별시교육청,http://gajaeul.sen.es.kr,20230531,20.4,26.2,892.0,840.0,20230531,11.0,87.0,10.0,11.0,11.0,11.0,12.0,9.0,261.0,293.0,312.0,289.0,311.0,252.0,2.0,14.0,64.0,1732.0,5.0,2.0,0.0,0.0,20230531,49.0,351.0,0.0,0.0,20230531,직영,3347.0,1732.0,1677396000.0,37.5736532,126.9185796,1141012000,서울시,19.8,17.4,서대문구,19.8,17.1,12.0
6,더-아무르(도시형),61㎡,서울시 서대문구 남가좌동,1141012000,382-9,서울시 서대문구 가재울미래로 15,37.570378,126.917309,24,0,7,4,249,49,41,(주)세아씨엔씨,HT001,61.88,49.75,80,2,1,2,복도식,,,,,,,,,,,,,,,,,,,,,,,서울가재울초등학교,B100005597,서울특별시 서대문구 남가좌동 164-1,혁신,단설,20160301,서울특별시교육청,http://gajaeul.sen.es.kr,20230531,20.4,26.2,892.0,840.0,20230531,11.0,87.0,10.0,11.0,11.0,11.0,12.0,9.0,261.0,293.0,312.0,289.0,311.0,252.0,2.0,14.0,64.0,1732.0,5.0,2.0,0.0,0.0,20230531,49.0,351.0,0.0,0.0,20230531,직영,3347.0,1732.0,1677396000.0,37.5736532,126.9185796,1141012000,서울시,19.8,17.4,서대문구,19.8,17.1,12.0
7,더-아무르(도시형),64B㎡,서울시 서대문구 남가좌동,1141012000,382-9,서울시 서대문구 가재울미래로 15,37.570378,126.917309,24,0,7,4,249,49,41,(주)세아씨엔씨,HT001,64.83,54.31,84,3,1,2,계단식,,,,,,,,,,,,,,,,,,,,,,,서울가재울초등학교,B100005597,서울특별시 서대문구 남가좌동 164-1,혁신,단설,20160301,서울특별시교육청,http://gajaeul.sen.es.kr,20230531,20.4,26.2,892.0,840.0,20230531,11.0,87.0,10.0,11.0,11.0,11.0,12.0,9.0,261.0,293.0,312.0,289.0,311.0,252.0,2.0,14.0,64.0,1732.0,5.0,2.0,0.0,0.0,20230531,49.0,351.0,0.0,0.0,20230531,직영,3347.0,1732.0,1677396000.0,37.5736532,126.9185796,1141012000,서울시,19.8,17.4,서대문구,19.8,17.1,12.0
8,더-아무르(도시형),66A㎡,서울시 서대문구 남가좌동,1141012000,382-9,서울시 서대문구 가재울미래로 15,37.570378,126.917309,24,0,7,4,249,49,41,(주)세아씨엔씨,HT001,66.97,53.85,80,3,1,2,복도식,,,,,,,,,,,,,,,,,,,,,,,서울가재울초등학교,B100005597,서울특별시 서대문구 남가좌동 164-1,혁신,단설,20160301,서울특별시교육청,http://gajaeul.sen.es.kr,20230531,20.4,26.2,892.0,840.0,20230531,11.0,87.0,10.0,11.0,11.0,11.0,12.0,9.0,261.0,293.0,312.0,289.0,311.0,252.0,2.0,14.0,64.0,1732.0,5.0,2.0,0.0,0.0,20230531,49.0,351.0,0.0,0.0,20230531,직영,3347.0,1732.0,1677396000.0,37.5736532,126.9185796,1141012000,서울시,19.8,17.4,서대문구,19.8,17.1,12.0
9,더-아무르(도시형),68,서울시 서대문구 남가좌동,1141012000,382-9,서울시 서대문구 가재울미래로 15,37.570378,126.917309,24,0,7,4,249,49,41,(주)세아씨엔씨,HT001,68.93,55.42,80,3,1,2,복도식,,,,,,,,,,,,,,,,,,,,,,,서울가재울초등학교,B100005597,서울특별시 서대문구 남가좌동 164-1,혁신,단설,20160301,서울특별시교육청,http://gajaeul.sen.es.kr,20230531,20.4,26.2,892.0,840.0,20230531,11.0,87.0,10.0,11.0,11.0,11.0,12.0,9.0,261.0,293.0,312.0,289.0,311.0,252.0,2.0,14.0,64.0,1732.0,5.0,2.0,0.0,0.0,20230531,49.0,351.0,0.0,0.0,20230531,직영,3347.0,1732.0,1677396000.0,37.5736532,126.9185796,1141012000,서울시,19.8,17.4,서대문구,19.8,17.1,12.0
0,래미안남가좌2차,84㎡,서울시 서대문구 남가좌동,1141012000,379,서울시 서대문구 수색로6길 43,37.5725,126.912642,503,0,15,5,209,19,576,삼성물산,HT001,84.16,59.78,71,3,2,214,계단식,491400,1038240,98280,448560,0,0,0,,174079,182704,"8억 8,000",11억,,5억,,"1억 8,000/130",,"1억 8,000/130",,,,,서울가재울초등학교,B100005597,서울특별시 서대문구 남가좌동 164-1,혁신,단설,20160301,서울특별시교육청,http://gajaeul.sen.es.kr,20230531,20.4,26.2,892.0,840.0,20230531,11.0,87.0,10.0,11.0,11.0,11.0,12.0,9.0,261.0,293.0,312.0,289.0,311.0,252.0,2.0,14.0,64.0,1732.0,5.0,2.0,0.0,0.0,20230531,49.0,351.0,0.0,0.0,20230531,직영,3347.0,1732.0,1677396000.0,37.5736532,126.9185796,1141012000,서울시,19.8,17.4,서대문구,19.8,17.1,8.0
1,래미안남가좌2차,111㎡,서울시 서대문구 남가좌동,1141012000,379,서울시 서대문구 수색로6길 43,37.5725,126.912642,503,0,15,5,209,19,576,삼성물산,HT001,111.24,84.8,76,3,2,208,계단식,656775,1302840,131355,514710,0,0,0,,246921,259155,"10억 3,000","12억 5,000",,"5억 5,000",,,,,,,,,서울가재울초등학교,B100005597,서울특별시 서대문구 남가좌동 164-1,혁신,단설,20160301,서울특별시교육청,http://gajaeul.sen.es.kr,20230531,20.4,26.2,892.0,840.0,20230531,11.0,87.0,10.0,11.0,11.0,11.0,12.0,9.0,261.0,293.0,312.0,289.0,311.0,252.0,2.0,14.0,64.0,1732.0,5.0,2.0,0.0,0.0,20230531,49.0,351.0,0.0,0.0,20230531,직영,3347.0,1732.0,1677396000.0,37.5736532,126.9185796,1141012000,서울시,19.8,17.4,서대문구,19.8,17.1,8.0
2,래미안남가좌2차,143,서울시 서대문구 남가좌동,1141012000,379,서울시 서대문구 수색로6길 43,37.5725,126.912642,503,0,15,5,209,19,576,삼성물산,HT001,143.8,114.79,80,4,2,81,계단식,1017000,1796850,203400,576450,0,0,0,,334232,350790,"12억 5,000","12억 7,000",,,,"2,000/60",,"2,000/60",,,,,서울가재울초등학교,B100005597,서울특별시 서대문구 남가좌동 164-1,혁신,단설,20160301,서울특별시교육청,http://gajaeul.sen.es.kr,20230531,20.4,26.2,892.0,840.0,20230531,11.0,87.0,10.0,11.0,11.0,11.0,12.0,9.0,261.0,293.0,312.0,289.0,311.0,252.0,2.0,14.0,64.0,1732.0,5.0,2.0,0.0,0.0,20230531,49.0,351.0,0.0,0.0,20230531,직영,3347.0,1732.0,1677396000.0,37.5736532,126.9185796,1141012000,서울시,19.8,17.4,서대문구,19.8,17.1,8.0
0,래미안루센티아,81㎡,서울시 서대문구 남가좌동,1141012000,390,서울시 서대문구 거북골로 100,37.576012,126.9175,997,170,25,10,249,22,1273,삼성물산(주),HT005,81.5,59.98,74,3,2,221,계단식,,,,,,,,,259455,208960,"9억 8,000",12억,6억,"6억 5,000",1억/180,"3억 5,000/100",1억/180,"3억 5,000/100",,,,,서울가재울초등학교,B100005597,서울특별시 서대문구 남가좌동 164-1,혁신,단설,20160301,서울특별시교육청,http://gajaeul.sen.es.kr,20230531,20.4,26.2,892.0,840.0,20230531,11.0,87.0,10.0,11.0,11.0,11.0,12.0,9.0,261.0,293.0,312.0,289.0,311.0,252.0,2.0,14.0,64.0,1732.0,5.0,2.0,0.0,0.0,20230531,49.0,351.0,0.0,0.0,20230531,직영,3347.0,1732.0,1677396000.0,37.5736532,126.9185796,1141012000,서울시,19.8,17.4,서대문구,19.8,17.1,4.0
1,래미안루센티아,112D㎡,서울시 서대문구 남가좌동,1141012000,390,서울시 서대문구 거북골로 100,37.576012,126.9175,997,170,25,10,249,22,1273,삼성물산(주),HT005,112.99,84.83,75,3,2,90,계단식,,,,,,,,,366949,295533,12억,13억,,,1억/240,2억/195,1억/240,2억/195,,,,,서울가재울초등학교,B100005597,서울특별시 서대문구 남가좌동 164-1,혁신,단설,20160301,서울특별시교육청,http://gajaeul.sen.es.kr,20230531,20.4,26.2,892.0,840.0,20230531,11.0,87.0,10.0,11.0,11.0,11.0,12.0,9.0,261.0,293.0,312.0,289.0,311.0,252.0,2.0,14.0,64.0,1732.0,5.0,2.0,0.0,0.0,20230531,49.0,351.0,0.0,0.0,20230531,직영,3347.0,1732.0,1677396000.0,37.5736532,126.9185796,1141012000,서울시,19.8,17.4,서대문구,19.8,17.1,4.0
2,래미안루센티아,113A㎡,서울시 서대문구 남가좌동,1141012000,390,서울시 서대문구 거북골로 100,37.576012,126.9175,997,170,25,10,249,22,1273,삼성물산(주),HT005,113.88,84.83,74,3,2,183,계단식,,,,,,,,,366949,295533,"12억 5,000",14억,,"7억 5,000",,3억/150,,3억/150,,,,,서울가재울초등학교,B100005597,서울특별시 서대문구 남가좌동 164-1,혁신,단설,20160301,서울특별시교육청,http://gajaeul.sen.es.kr,20230531,20.4,26.2,892.0,840.0,20230531,11.0,87.0,10.0,11.0,11.0,11.0,12.0,9.0,261.0,293.0,312.0,289.0,311.0,252.0,2.0,14.0,64.0,1732.0,5.0,2.0,0.0,0.0,20230531,49.0,351.0,0.0,0.0,20230531,직영,3347.0,1732.0,1677396000.0,37.5736532,126.9185796,1141012000,서울시,19.8,17.4,서대문구,19.8,17.1,4.0
3,래미안루센티아,113B㎡,서울시 서대문구 남가좌동,1141012000,390,서울시 서대문구 거북골로 100,37.576012,126.9175,997,170,25,10,249,22,1273,삼성물산(주),HT005,113.88,84.84,74,3,2,63,계단식,,,,,,,,,366992,295567,"12억 5,000",13억,,,,"3억 5,000/140",,"3억 5,000/140",,,,,서울가재울초등학교,B100005597,서울특별시 서대문구 남가좌동 164-1,혁신,단설,20160301,서울특별시교육청,http://gajaeul.sen.es.kr,20230531,20.4,26.2,892.0,840.0,20230531,11.0,87.0,10.0,11.0,11.0,11.0,12.0,9.0,261.0,293.0,312.0,289.0,311.0,252.0,2.0,14.0,64.0,1732.0,5.0,2.0,0.0,0.0,20230531,49.0,351.0,0.0,0.0,20230531,직영,3347.0,1732.0,1677396000.0,37.5736532,126.9185796,1141012000,서울시,19.8,17.4,서대문구,19.8,17.1,4.0
4,래미안루센티아,114E㎡,서울시 서대문구 남가좌동,1141012000,390,서울시 서대문구 거북골로 100,37.576012,126.9175,997,170,25,10,249,22,1273,삼성물산(주),HT005,114.55,84.95,74,3,2,63,계단식,,,,,,,,,367468,295951,,13억,,,,,,,,,,,서울가재울초등학교,B100005597,서울특별시 서대문구 남가좌동 164-1,혁신,단설,20160301,서울특별시교육청,http://gajaeul.sen.es.kr,20230531,20.4,26.2,892.0,840.0,20230531,11.0,87.0,10.0,11.0,11.0,11.0,12.0,9.0,261.0,293.0,312.0,289.0,311.0,252.0,2.0,14.0,64.0,1732.0,5.0,2.0,0.0,0.0,20230531,49.0,351.0,0.0,0.0,20230531,직영,3347.0,1732.0,1677396000.0,37.5736532,126.9185796,1141012000,서울시,19.8,17.4,서대문구,19.8,17.1,4.0
5,래미안루센티아,115C㎡,서울시 서대문구 남가좌동,1141012000,390,서울시 서대문구 거북골로 100,37.576012,126.9175,997,170,25,10,249,22,1273,삼성물산(주),HT005,115.44,84.95,74,3,2,183,계단식,,,,,,,,,367468,295951,12억,"15억 5,000",,"7억 5,000",,,,,,,,,서울가재울초등학교,B100005597,서울특별시 서대문구 남가좌동 164-1,혁신,단설,20160301,서울특별시교육청,http://gajaeul.sen.es.kr,20230531,20.4,26.2,892.0,840.0,20230531,11.0,87.0,10.0,11.0,11.0,11.0,12.0,9.0,261.0,293.0,312.0,289.0,311.0,252.0,2.0,14.0,64.0,1732.0,5.0,2.0,0.0,0.0,20230531,49.0,351.0,0.0,0.0,20230531,직영,3347.0,1732.0,1677396000.0,37.5736532,126.9185796,1141012000,서울시,19.8,17.4,서대문구,19.8,17.1,4.0
6,래미안루센티아,153,서울시 서대문구 남가좌동,1141012000,390,서울시 서대문구 거북골로 100,37.576012,126.9175,997,170,25,10,249,22,1273,삼성물산(주),HT005,153.18,114.93,75,4,2,24,계단식,,,,,,,,,497152,400396,,18억,,,,,,,,,,,서울가재울초등학교,B100005597,서울특별시 서대문구 남가좌동 164-1,혁신,단설,20160301,서울특별시교육청,http://gajaeul.sen.es.kr,20230531,20.4,26.2,892.0,840.0,20230531,11.0,87.0,10.0,11.0,11.0,11.0,12.0,9.0,261.0,293.0,312.0,289.0,311.0,252.0,2.0,14.0,64.0,1732.0,5.0,2.0,0.0,0.0,20230531,49.0,351.0,0.0,0.0,20230531,직영,3347.0,1732.0,1677396000.0,37.5736532,126.9185796,1141012000,서울시,19.8,17.4,서대문구,19.8,17.1,4.0
0,명지플러스빌,89㎡,서울시 서대문구 남가좌동,1141012000,335-7,서울시 서대문구 가재울로4길 48,37.575651,126.924223,24,0,7,7,231,40,27,호윤종합건설(주),HT001,89.89,78.87,88,3,2,1,계단식,93300,284580,18660,172620,0,0,0,,,,,,,,,,,,,,,,서울연가초등학교,B100002001,서울특별시 서대문구 남가좌동 364-6,공립,단설,19721130,서울특별시교육청,http://yeonga.sen.es.kr,20230531,18.1,23.6,812.0,743.0,20230531,13.0,89.0,11.0,12.0,10.0,10.0,11.0,10.0,270.0,293.0,246.0,228.0,267.0,238.0,2.0,13.0,64.0,1555.0,0.0,6.0,0.0,0.0,20230531,10.0,146.0,0.0,0.0,20230531,직영,3001.0,1555.0,1884575000.0,37.58014523,126.9183479,1141012000,서울시,19.8,17.4,서대문구,19.8,17.1,11.0
1,명지플러스빌,93,서울시 서대문구 남가좌동,1141012000,335-7,서울시 서대문구 가재울로4길 48,37.575651,126.924223,24,0,7,7,231,40,27,호윤종합건설(주),HT001,93.69,82.11,88,3,2,23,계단식,108150,323190,21630,193410,0,0,0,,,,,,,,,,,,,,,,서울연가초등학교,B100002001,서울특별시 서대문구 남가좌동 364-6,공립,단설,19721130,서울특별시교육청,http://yeonga.sen.es.kr,20230531,18.1,23.6,812.0,743.0,20230531,13.0,89.0,11.0,12.0,10.0,10.0,11.0,10.0,270.0,293.0,246.0,228.0,267.0,238.0,2.0,13.0,64.0,1555.0,0.0,6.0,0.0,0.0,20230531,10.0,146.0,0.0,0.0,20230531,직영,3001.0,1555.0,1884575000.0,37.58014523,126.9183479,1141012000,서울시,19.8,17.4,서대문구,19.8,17.1,11.0
0,백련,44㎡,서울시 서대문구 남가좌동,1141012000,345-4,서울시 서대문구 가재울로6길 53-87,37.577028,126.922992,64,0,10,5,248,48,45,미라보건설,HT001,44.91,36.86,82,2,1,8,복도식,34800,132480,6960,90720,0,0,0,,,,,,,,,,,,,,,,서울연가초등학교,B100002001,서울특별시 서대문구 남가좌동 364-6,공립,단설,19721130,서울특별시교육청,http://yeonga.sen.es.kr,20230531,18.1,23.6,812.0,743.0,20230531,13.0,89.0,11.0,12.0,10.0,10.0,11.0,10.0,270.0,293.0,246.0,228.0,267.0,238.0,2.0,13.0,64.0,1555.0,0.0,6.0,0.0,0.0,20230531,10.0,146.0,0.0,0.0,20230531,직영,3001.0,1555.0,1884575000.0,37.58014523,126.9183479,1141012000,서울시,19.8,17.4,서대문구,19.8,17.1,9.0
1,백련,48㎡,서울시 서대문구 남가좌동,1141012000,345-4,서울시 서대문구 가재울로6길 53-87,37.577028,126.922992,64,0,10,5,248,48,45,미라보건설,HT001,48.38,39.69,82,2,1,2,복도식,39750,145350,7950,97650,0,0,0,,,,,,,,,,,,,,,,서울연가초등학교,B100002001,서울특별시 서대문구 남가좌동 364-6,공립,단설,19721130,서울특별시교육청,http://yeonga.sen.es.kr,20230531,18.1,23.6,812.0,743.0,20230531,13.0,89.0,11.0,12.0,10.0,10.0,11.0,10.0,270.0,293.0,246.0,228.0,267.0,238.0,2.0,13.0,64.0,1555.0,0.0,6.0,0.0,0.0,20230531,10.0,146.0,0.0,0.0,20230531,직영,3001.0,1555.0,1884575000.0,37.58014523,126.9183479,1141012000,서울시,19.8,17.4,서대문구,19.8,17.1,9.0
2,백련,68A㎡,서울시 서대문구 남가좌동,1141012000,345-4,서울시 서대문구 가재울로6길 53-87,37.577028,126.922992,64,0,10,5,248,48,45,미라보건설,HT001,68.92,56.57,82,2,1,8,계단식,69900,223740,13980,139860,0,0,0,,,,,,,,,,,,,,,,서울연가초등학교,B100002001,서울특별시 서대문구 남가좌동 364-6,공립,단설,19721130,서울특별시교육청,http://yeonga.sen.es.kr,20230531,18.1,23.6,812.0,743.0,20230531,13.0,89.0,11.0,12.0,10.0,10.0,11.0,10.0,270.0,293.0,246.0,228.0,267.0,238.0,2.0,13.0,64.0,1555.0,0.0,6.0,0.0,0.0,20230531,10.0,146.0,0.0,0.0,20230531,직영,3001.0,1555.0,1884575000.0,37.58014523,126.9183479,1141012000,서울시,19.8,17.4,서대문구,19.8,17.1,9.0
3,백련,70B㎡,서울시 서대문구 남가좌동,1141012000,345-4,서울시 서대문구 가재울로6길 53-87,37.577028,126.922992,64,0,10,5,248,48,45,미라보건설,HT001,70.4,57.79,82,2,1,18,계단식,73950,234270,14790,145530,0,0,0,,,,,,,,,"5,000/80",,"5,000/80",,,,,서울연가초등학교,B100002001,서울특별시 서대문구 남가좌동 364-6,공립,단설,19721130,서울특별시교육청,http://yeonga.sen.es.kr,20230531,18.1,23.6,812.0,743.0,20230531,13.0,89.0,11.0,12.0,10.0,10.0,11.0,10.0,270.0,293.0,246.0,228.0,267.0,238.0,2.0,13.0,64.0,1555.0,0.0,6.0,0.0,0.0,20230531,10.0,146.0,0.0,0.0,20230531,직영,3001.0,1555.0,1884575000.0,37.58014523,126.9183479,1141012000,서울시,19.8,17.4,서대문구,19.8,17.1,9.0
4,백련,72,서울시 서대문구 남가좌동,1141012000,345-4,서울시 서대문구 가재울로6길 53-87,37.577028,126.922992,64,0,10,5,248,48,45,미라보건설,HT001,72.2,59.27,82,2,1,28,복도식,73950,234270,14790,145530,0,0,0,,,,,,,,,,,,,,,,서울연가초등학교,B100002001,서울특별시 서대문구 남가좌동 364-6,공립,단설,19721130,서울특별시교육청,http://yeonga.sen.es.kr,20230531,18.1,23.6,812.0,743.0,20230531,13.0,89.0,11.0,12.0,10.0,10.0,11.0,10.0,270.0,293.0,246.0,228.0,267.0,238.0,2.0,13.0,64.0,1555.0,0.0,6.0,0.0,0.0,20230531,10.0,146.0,0.0,0.0,20230531,직영,3001.0,1555.0,1884575000.0,37.58014523,126.9183479,1141012000,서울시,19.8,17.4,서대문구,19.8,17.1,9.0
0,창덕에버빌,105㎡,서울시 서대문구 남가좌동,1141012000,105-1,서울시 서대문구 모래내로 143,37.569569,126.917292,109,0,19,19,583,59,203,창덕종합건설(주),HT001,105,80.33,77,3,2,42,복도식,180900,469710,36180,252630,0,0,0,,,,,7억,,,,,,,,,,,서울가재울초등학교,B100005597,서울특별시 서대문구 남가좌동 164-1,혁신,단설,20160301,서울특별시교육청,http://gajaeul.sen.es.kr,20230531,20.4,26.2,892.0,840.0,20230531,11.0,87.0,10.0,11.0,11.0,11.0,12.0,9.0,261.0,293.0,312.0,289.0,311.0,252.0,2.0,14.0,64.0,1732.0,5.0,2.0,0.0,0.0,20230531,49.0,351.0,0.0,0.0,20230531,직영,3347.0,1732.0,1677396000.0,37.5736532,126.9185796,1141012000,서울시,19.8,17.4,서대문구,19.8,17.1,11.0
1,창덕에버빌,129A㎡,서울시 서대문구 남가좌동,1141012000,105-1,서울시 서대문구 모래내로 143,37.569569,126.917292,109,0,19,19,583,59,203,창덕종합건설(주),HT001,129.15,99.07,77,3,2,16,복도식,230400,563760,46080,287280,0,0,0,,,,,,,"5억 2,000",,"1억 5,000/180",,"1억 5,000/180",,,,,서울가재울초등학교,B100005597,서울특별시 서대문구 남가좌동 164-1,혁신,단설,20160301,서울특별시교육청,http://gajaeul.sen.es.kr,20230531,20.4,26.2,892.0,840.0,20230531,11.0,87.0,10.0,11.0,11.0,11.0,12.0,9.0,261.0,293.0,312.0,289.0,311.0,252.0,2.0,14.0,64.0,1732.0,5.0,2.0,0.0,0.0,20230531,49.0,351.0,0.0,0.0,20230531,직영,3347.0,1732.0,1677396000.0,37.5736532,126.9185796,1141012000,서울시,19.8,17.4,서대문구,19.8,17.1,11.0
2,창덕에버빌,130B㎡,서울시 서대문구 남가좌동,1141012000,105-1,서울시 서대문구 모래내로 143,37.569569,126.917292,109,0,19,19,583,59,203,창덕종합건설(주),HT001,130.15,99.57,77,4,2,16,복도식,230400,563760,46080,287280,0,0,0,,,,"7억 3,000","7억 5,000",,,,,,,,,,,서울가재울초등학교,B100005597,서울특별시 서대문구 남가좌동 164-1,혁신,단설,20160301,서울특별시교육청,http://gajaeul.sen.es.kr,20230531,20.4,26.2,892.0,840.0,20230531,11.0,87.0,10.0,11.0,11.0,11.0,12.0,9.0,261.0,293.0,312.0,289.0,311.0,252.0,2.0,14.0,64.0,1732.0,5.0,2.0,0.0,0.0,20230531,49.0,351.0,0.0,0.0,20230531,직영,3347.0,1732.0,1677396000.0,37.5736532,126.9185796,1141012000,서울시,19.8,17.4,서대문구,19.8,17.1,11.0
3,창덕에버빌,157㎡,서울시 서대문구 남가좌동,1141012000,105-1,서울시 서대문구 모래내로 143,37.569569,126.917292,109,0,19,19,583,59,203,창덕종합건설(주),HT001,157.5,120.5,77,4,2,32,복도식,304200,703980,60840,338940,0,0,0,,,,"8억 5,000",9억,,,,,,,,,,,서울가재울초등학교,B100005597,서울특별시 서대문구 남가좌동 164-1,혁신,단설,20160301,서울특별시교육청,http://gajaeul.sen.es.kr,20230531,20.4,26.2,892.0,840.0,20230531,11.0,87.0,10.0,11.0,11.0,11.0,12.0,9.0,261.0,293.0,312.0,289.0,311.0,252.0,2.0,14.0,64.0,1732.0,5.0,2.0,0.0,0.0,20230531,49.0,351.0,0.0,0.0,20230531,직영,3347.0,1732.0,1677396000.0,37.5736532,126.9185796,1141012000,서울시,19.8,17.4,서대문구,19.8,17.1,11.0
4,창덕에버빌,208,서울시 서대문구 남가좌동,1141012000,105-1,서울시 서대문구 모래내로 143,37.569569,126.917292,109,0,19,19,583,59,203,창덕종합건설(주),HT001,208.87,159.53,76,5,2,3,복도식,360900,811710,72180,378630,0,0,0,,,,,,,,,,,,,,,,서울가재울초등학교,B100005597,서울특별시 서대문구 남가좌동 164-1,혁신,단설,20160301,서울특별시교육청,http://gajaeul.sen.es.kr,20230531,20.4,26.2,892.0,840.0,20230531,11.0,87.0,10.0,11.0,11.0,11.0,12.0,9.0,261.0,293.0,312.0,289.0,311.0,252.0,2.0,14.0,64.0,1732.0,5.0,2.0,0.0,0.0,20230531,49.0,351.0,0.0,0.0,20230531,직영,3347.0,1732.0,1677396000.0,37.5736532,126.9185796,1141012000,서울시,19.8,17.4,서대문구,19.8,17.1,11.0
